Time	T° 600	A2	A3	A4	A5	A6	A7	A8	A9	B2	B3	B4	B5	B6	B7	B8	B9	C2	C3	C4	C5	C6	C7	C8	C9	D2	D3	D4	D5	D6	D7	D8	D9	E2	E3	E4	E5	E6	E7	E8	E9	F2	F3	F4	F5	F6	F7	F8	F9	G2	G3	G4	G5	G6	G7	G8	G9	H2	H3	H4	H5	H6	H7	H8	H9
0:04:10	36.9	0.924	0.844	0.944	0.963	1.081	0.823	0.942	1.072	0.928	0.939	1.040	0.863	0.742	0.710	0.998	0.749	0.916	0.917	0.810	0.801	0.842	0.968	0.850	1.086	0.836	0.896	0.934	0.848	0.966	1.031	1.074	0.894	0.859	0.810	0.927	1.080	0.833	0.924	0.873	0.783	0.641	0.742	0.962	0.663	0.772	0.930	0.882	0.894	0.834	0.818	0.704	0.911	0.743	0.864	0.841	0.774	0.951	0.848	0.932	0.916	0.786	0.768	0.883	0.938
0:09:10	37.1	0.923	0.842	0.944	0.964	1.080	0.823	0.943	1.067	0.930	0.942	1.041	0.862	0.737	0.710	0.998	0.748	0.917	0.916	0.812	0.797	0.837	0.970	0.850	1.087	0.837	0.896	0.932	0.851	0.965	1.028	1.074	0.893	0.858	0.808	0.928	1.079	0.836	0.926	0.875	0.782	0.645	0.738	0.960	0.664	0.772	0.930	0.882	0.894	0.843	0.819	0.704	0.911	0.744	0.863	0.841	0.770	0.947	0.847	0.931	0.914	0.784	0.768	0.881	0.936
0:14:10	37.0	0.924	0.842	0.941	0.962	1.079	0.829	0.945	1.065	0.932	0.946	1.042	0.860	0.737	0.712	0.999	0.747	0.917	0.919	0.811	0.793	0.838	0.966	0.850	1.087	0.835	0.897	0.930	0.852	0.963	1.025	1.076	0.894	0.858	0.808	0.928	1.077	0.834	0.929	0.878	0.783	0.646	0.736	0.959	0.663	0.771	0.929	0.881	0.892	0.843	0.823	0.703	0.909	0.743	0.864	0.842	0.767	0.938	0.847	0.931	0.914	0.786	0.768	0.882	0.935
0:19:10	37.0	0.925	0.840	0.941	0.962	1.082	0.831	0.946	1.065	0.930	0.951	1.042	0.859	0.739	0.713	0.998	0.747	0.917	0.920	0.812	0.791	0.832	0.967	0.850	1.087	0.836	0.899	0.928	0.852	0.961	1.025	1.076	0.894	0.858	0.808	0.927	1.078	0.832	0.932	0.877	0.782	0.650	0.736	0.959	0.667	0.770	0.929	0.881	0.892	0.845	0.821	0.703	0.910	0.742	0.862	0.842	0.767	0.937	0.847	0.931	0.915	0.785	0.768	0.882	0.934
0:24:10	37.1	0.924	0.841	0.942	0.961	1.083	0.845	0.946	1.064	0.932	0.953	1.042	0.859	0.747	0.716	0.999	0.747	0.918	0.919	0.811	0.792	0.833	0.968	0.848	1.087	0.836	0.900	0.928	0.854	0.960	1.026	1.075	0.894	0.858	0.808	0.926	1.076	0.832	0.935	0.879	0.784	0.652	0.735	0.957	0.669	0.771	0.928	0.881	0.890	0.846	0.822	0.704	0.909	0.743	0.861	0.841	0.768	0.936	0.847	0.931	0.915	0.786	0.768	0.883	0.936
0:29:10	37.0	0.923	0.838	0.942	0.960	1.082	0.851	0.950	1.064	0.930	0.955	1.041	0.857	0.750	0.718	0.998	0.747	0.916	0.924	0.810	0.791	0.826	0.970	0.848	1.086	0.835	0.902	0.927	0.855	0.960	1.026	1.076	0.895	0.857	0.809	0.926	1.074	0.832	0.937	0.880	0.785	0.656	0.735	0.957	0.670	0.770	0.927	0.882	0.890	0.847	0.822	0.704	0.909	0.742	0.861	0.841	0.772	0.937	0.846	0.931	0.915	0.786	0.768	0.884	0.937
0:34:10	37.0	0.923	0.842	0.942	0.960	1.082	0.862	0.947	1.064	0.931	0.957	1.042	0.859	0.748	0.722	0.999	0.749	0.915	0.923	0.811	0.790	0.823	0.968	0.848	1.085	0.835	0.903	0.926	0.855	0.958	1.026	1.076	0.893	0.858	0.810	0.925	1.073	0.832	0.940	0.880	0.786	0.657	0.734	0.956	0.673	0.771	0.928	0.881	0.889	0.848	0.823	0.705	0.909	0.742	0.859	0.842	0.773	0.932	0.847	0.931	0.916	0.786	0.769	0.883	0.935
0:39:10	37.0	0.921	0.841	0.940	0.960	1.081	0.860	0.947	1.064	0.931	0.959	1.041	0.859	0.745	0.720	0.999	0.749	0.915	0.920	0.810	0.791	0.819	0.969	0.846	1.085	0.834	0.905	0.926	0.855	0.958	1.026	1.078	0.893	0.860	0.811	0.925	1.073	0.830	0.942	0.883	0.787	0.661	0.736	0.957	0.676	0.771	0.927	0.882	0.890	0.849	0.823	0.704	0.912	0.745	0.858	0.843	0.775	0.936	0.847	0.932	0.918	0.787	0.769	0.886	0.935
0:44:10	37.0	0.919	0.840	0.940	0.959	1.081	0.865	0.948	1.063	0.931	0.959	1.040	0.860	0.746	0.726	1.000	0.751	0.916	0.919	0.809	0.791	0.811	0.969	0.847	1.085	0.834	0.906	0.926	0.854	0.958	1.028	1.078	0.894	0.863	0.811	0.925	1.072	0.829	0.944	0.880	0.789	0.663	0.726	0.956	0.676	0.771	0.927	0.882	0.889	0.849	0.822	0.706	0.908	0.741	0.857	0.843	0.772	0.941	0.847	0.930	0.918	0.787	0.774	0.886	0.938
0:49:10	37.0	0.921	0.839	0.940	0.960	1.082	0.870	0.948	1.064	0.928	0.960	1.039	0.858	0.748	0.726	1.000	0.750	0.917	0.921	0.810	0.791	0.810	0.970	0.848	1.085	0.835	0.908	0.925	0.854	0.958	1.027	1.077	0.893	0.863	0.813	0.925	1.072	0.828	0.946	0.884	0.791	0.664	0.727	0.957	0.679	0.772	0.928	0.883	0.890	0.854	0.824	0.707	0.912	0.742	0.857	0.844	0.774	0.946	0.851	0.934	0.920	0.790	0.772	0.891	0.940
0:54:10	37.1	0.920	0.842	0.943	0.960	1.082	0.871	0.950	1.065	0.928	0.963	1.039	0.862	0.748	0.726	1.000	0.753	0.916	0.918	0.810	0.791	0.810	0.976	0.848	1.085	0.836	0.910	0.926	0.857	0.958	1.028	1.077	0.893	0.863	0.814	0.926	1.074	0.830	0.946	0.882	0.792	0.668	0.733	0.959	0.682	0.773	0.928	0.884	0.890	0.854	0.827	0.718	0.913	0.742	0.856	0.845	0.774	0.935	0.853	0.932	0.920	0.793	0.774	0.887	0.934
0:59:10	37.0	0.920	0.842	0.942	0.960	1.081	0.876	0.952	1.065	0.929	0.963	1.039	0.862	0.749	0.731	1.001	0.753	0.917	0.917	0.809	0.791	0.808	0.977	0.848	1.086	0.837	0.911	0.927	0.857	0.958	1.030	1.076	0.897	0.865	0.816	0.927	1.074	0.830	0.947	0.885	0.796	0.669	0.732	0.961	0.683	0.775	0.929	0.884	0.890	0.855	0.825	0.710	0.916	0.742	0.863	0.846	0.776	0.939	0.850	0.932	0.925	0.800	0.781	0.899	0.945
1:04:10	37.0	0.922	0.843	0.946	0.959	1.082	0.877	0.950	1.067	0.929	0.965	1.040	0.862	0.748	0.731	1.002	0.756	0.919	0.918	0.812	0.791	0.807	0.977	0.849	1.086	0.838	0.911	0.928	0.856	0.959	1.032	1.078	0.898	0.866	0.818	0.927	1.075	0.831	0.949	0.885	0.797	0.672	0.735	0.961	0.685	0.774	0.930	0.885	0.891	0.855	0.825	0.713	0.917	0.745	0.856	0.849	0.777	0.947	0.851	0.933	0.927	0.795	0.776	0.891	0.938
1:09:10	37.0	0.923	0.845	0.947	0.961	1.085	0.878	0.951	1.068	0.928	0.966	1.038	0.862	0.747	0.732	1.002	0.755	0.919	0.920	0.809	0.794	0.807	0.978	0.848	1.086	0.838	0.914	0.928	0.856	0.960	1.031	1.079	0.898	0.869	0.820	0.929	1.075	0.832	0.951	0.886	0.798	0.675	0.741	0.964	0.693	0.779	0.931	0.886	0.891	0.858	0.830	0.720	0.919	0.755	0.856	0.850	0.778	0.941	0.852	0.934	0.926	0.805	0.780	0.903	0.947
1:14:10	37.0	0.922	0.842	0.945	0.960	1.084	0.880	0.952	1.070	0.928	0.968	1.038	0.863	0.738	0.734	1.004	0.757	0.921	0.922	0.809	0.799	0.807	0.978	0.850	1.086	0.840	0.915	0.930	0.859	0.960	1.033	1.080	0.899	0.873	0.822	0.930	1.077	0.834	0.954	0.890	0.799	0.677	0.745	0.964	0.698	0.779	0.932	0.887	0.892	0.859	0.828	0.724	0.923	0.754	0.854	0.854	0.780	0.947	0.854	0.935	0.927	0.807	0.781	0.901	0.949
1:19:10	37.0	0.922	0.847	0.948	0.962	1.084	0.880	0.954	1.071	0.926	0.970	1.039	0.867	0.742	0.735	1.005	0.759	0.921	0.928	0.812	0.798	0.805	0.976	0.851	1.086	0.843	0.918	0.929	0.858	0.961	1.034	1.080	0.901	0.875	0.824	0.932	1.078	0.836	0.954	0.892	0.802	0.681	0.741	0.966	0.706	0.781	0.937	0.894	0.894	0.860	0.832	0.726	0.921	0.747	0.858	0.850	0.781	0.947	0.856	0.936	0.930	0.810	0.786	0.911	0.947
1:24:10	37.1	0.925	0.850	0.951	0.966	1.085	0.884	0.954	1.074	0.927	0.973	1.038	0.867	0.747	0.736	1.005	0.760	0.921	0.926	0.812	0.796	0.803	0.977	0.854	1.086	0.843	0.919	0.930	0.861	0.962	1.035	1.079	0.900	0.877	0.826	0.932	1.079	0.837	0.956	0.892	0.805	0.690	0.743	0.965	0.696	0.781	0.936	0.891	0.896	0.862	0.831	0.722	0.923	0.748	0.854	0.852	0.784	0.950	0.869	0.948	0.933	0.814	0.796	0.915	0.952
1:29:10	37.0	0.927	0.851	0.951	0.966	1.087	0.885	0.953	1.076	0.923	0.975	1.038	0.867	0.753	0.737	1.008	0.761	0.921	0.922	0.816	0.795	0.808	0.979	0.854	1.088	0.845	0.920	0.932	0.862	0.963	1.036	1.078	0.899	0.879	0.828	0.934	1.077	0.840	0.958	0.896	0.807	0.695	0.748	0.967	0.699	0.785	0.937	0.895	0.895	0.865	0.834	0.729	0.929	0.757	0.861	0.858	0.785	0.955	0.863	0.945	0.937	0.814	0.797	0.917	0.953
1:34:10	37.1	0.928	0.854	0.955	0.968	1.089	0.892	0.956	1.080	0.924	0.976	1.038	0.871	0.759	0.739	1.008	0.764	0.925	0.922	0.816	0.795	0.809	0.980	0.857	1.088	0.846	0.921	0.933	0.861	0.965	1.037	1.077	0.901	0.882	0.829	0.935	1.078	0.841	0.959	0.898	0.809	0.706	0.750	0.968	0.702	0.791	0.938	0.894	0.897	0.872	0.840	0.728	0.933	0.761	0.859	0.858	0.792	0.952	0.874	0.950	0.943	0.820	0.802	0.923	0.950
1:39:10	37.0	0.930	0.859	0.954	0.971	1.093	0.898	0.957	1.083	0.922	0.979	1.038	0.872	0.763	0.742	1.010	0.766	0.925	0.924	0.819	0.799	0.810	0.982	0.859	1.088	0.846	0.927	0.935	0.864	0.968	1.039	1.079	0.904	0.887	0.832	0.938	1.082	0.844	0.963	0.897	0.818	0.711	0.758	0.973	0.706	0.796	0.941	0.896	0.899	0.880	0.844	0.732	0.936	0.765	0.862	0.859	0.801	0.954	0.877	0.949	0.948	0.825	0.802	0.926	0.955
1:44:10	37.1	0.933	0.863	0.958	0.976	1.097	0.901	0.958	1.087	0.924	0.979	1.038	0.877	0.767	0.742	1.011	0.770	0.925	0.926	0.816	0.803	0.816	0.984	0.861	1.091	0.849	0.929	0.937	0.866	0.970	1.041	1.079	0.904	0.889	0.835	0.941	1.083	0.851	0.968	0.900	0.816	0.709	0.759	0.971	0.709	0.794	0.946	0.901	0.899	0.879	0.846	0.742	0.935	0.758	0.862	0.856	0.803	0.957	0.879	0.959	0.950	0.830	0.810	0.925	0.957
1:49:10	37.0	0.937	0.867	0.958	0.979	1.100	0.906	0.959	1.091	0.929	0.985	1.039	0.879	0.770	0.743	1.013	0.771	0.927	0.927	0.818	0.805	0.814	0.986	0.865	1.092	0.854	0.933	0.939	0.870	0.973	1.045	1.080	0.908	0.889	0.838	0.946	1.089	0.849	0.970	0.907	0.822	0.716	0.765	0.983	0.724	0.802	0.944	0.901	0.908	0.881	0.848	0.738	0.941	0.766	0.865	0.866	0.803	0.970	0.881	0.959	0.957	0.831	0.807	0.929	0.953
1:54:10	37.1	0.942	0.872	0.962	0.983	1.107	0.914	0.963	1.095	0.930	0.987	1.040	0.882	0.774	0.748	1.016	0.774	0.929	0.929	0.819	0.809	0.815	0.990	0.869	1.096	0.859	0.937	0.941	0.876	0.976	1.046	1.081	0.909	0.891	0.840	0.948	1.089	0.853	0.972	0.909	0.834	0.719	0.770	0.985	0.725	0.808	0.947	0.905	0.914	0.885	0.851	0.742	0.944	0.764	0.865	0.868	0.804	0.969	0.881	0.959	0.960	0.829	0.814	0.930	0.957
1:59:10	37.0	0.953	0.883	0.972	0.991	1.116	0.924	0.969	1.103	0.931	0.991	1.043	0.887	0.779	0.752	1.019	0.779	0.931	0.931	0.822	0.813	0.816	0.993	0.873	1.098	0.858	0.941	0.943	0.876	0.978	1.050	1.083	0.913	0.896	0.843	0.952	1.091	0.857	0.977	0.918	0.833	0.719	0.769	0.988	0.735	0.807	0.953	0.911	0.918	0.884	0.853	0.751	0.951	0.770	0.867	0.867	0.809	0.967	0.879	0.959	0.963	0.835	0.814	0.932	0.948
2:04:10	37.1	0.964	0.894	0.982	1.000	1.124	0.932	0.976	1.116	0.934	0.997	1.047	0.894	0.784	0.758	1.023	0.783	0.933	0.935	0.824	0.817	0.818	0.996	0.877	1.104	0.861	0.943	0.945	0.879	0.981	1.053	1.085	0.916	0.901	0.848	0.957	1.096	0.862	0.983	0.924	0.841	0.725	0.778	0.992	0.735	0.816	0.957	0.909	0.911	0.893	0.855	0.750	0.956	0.776	0.875	0.877	0.808	0.960	0.881	0.958	0.961	0.834	0.811	0.925	0.952
2:09:10	37.0	0.983	0.908	0.994	1.011	1.131	0.944	0.987	1.127	0.937	1.001	1.050	0.900	0.790	0.763	1.026	0.789	0.938	0.940	0.830	0.823	0.820	1.001	0.888	1.110	0.866	0.949	0.949	0.885	0.987	1.056	1.088	0.925	0.908	0.855	0.963	1.098	0.868	0.989	0.932	0.843	0.726	0.760	0.982	0.735	0.806	0.955	0.911	0.921	0.884	0.862	0.753	0.951	0.773	0.869	0.868	0.815	0.955	0.885	0.962	0.964	0.836	0.820	0.935	0.951
2:14:10	37.0	0.991	0.910	1.003	1.018	1.142	0.963	1.007	1.142	0.940	1.007	1.056	0.909	0.800	0.772	1.032	0.798	0.941	0.947	0.838	0.830	0.821	1.006	0.895	1.115	0.872	0.955	0.955	0.891	0.998	1.061	1.095	0.931	0.916	0.868	0.972	1.103	0.876	0.997	0.944	0.862	0.727	0.774	0.991	0.737	0.815	0.959	0.917	0.918	0.891	0.864	0.762	0.964	0.776	0.872	0.881	0.807	0.958	0.885	0.962	0.970	0.838	0.824	0.941	0.959
2:19:10	37.0	1.007	0.928	1.011	1.026	1.147	0.972	1.015	1.157	0.947	1.015	1.063	0.919	0.810	0.788	1.041	0.810	0.945	0.959	0.848	0.841	0.829	1.012	0.911	1.120	0.885	0.966	0.967	0.903	1.003	1.068	1.104	0.942	0.923	0.882	0.975	1.104	0.882	1.002	0.957	0.874	0.736	0.776	0.992	0.749	0.820	0.965	0.927	0.921	0.896	0.866	0.760	0.966	0.782	0.876	0.887	0.816	0.972	0.896	0.972	0.970	0.849	0.833	0.954	0.969
2:24:10	37.1	1.018	0.943	1.026	1.036	1.156	0.986	1.025	1.164	0.958	1.029	1.071	0.927	0.822	0.806	1.053	0.824	0.959	0.977	0.868	0.861	0.848	1.024	0.916	1.129	0.899	0.988	0.991	0.928	1.007	1.081	1.113	0.956	0.932	0.892	0.979	1.110	0.885	1.003	0.967	0.883	0.738	0.785	0.994	0.757	0.824	0.967	0.928	0.924	0.901	0.873	0.768	0.974	0.789	0.878	0.893	0.829	0.982	0.903	0.978	0.982	0.854	0.842	0.967	0.978
2:29:10	37.0	1.025	0.952	1.042	1.051	1.166	0.998	1.031	1.171	0.968	1.042	1.085	0.944	0.833	0.817	1.060	0.839	0.967	0.982	0.878	0.862	0.855	1.033	0.922	1.137	0.907	1.004	1.002	0.938	1.006	1.091	1.119	0.972	0.940	0.903	0.989	1.117	0.893	1.007	0.976	0.898	0.746	0.796	1.006	0.769	0.837	0.984	0.943	0.931	0.913	0.879	0.777	0.979	0.798	0.893	0.899	0.835	0.994	0.912	0.987	0.994	0.866	0.853	0.978	0.982
2:34:10	37.0	1.037	0.959	1.049	1.058	1.174	1.003	1.040	1.179	0.973	1.050	1.092	0.948	0.839	0.822	1.062	0.850	0.973	0.988	0.878	0.875	0.852	1.040	0.934	1.146	0.923	0.997	1.004	0.942	1.011	1.102	1.131	0.985	0.963	0.908	1.003	1.129	0.910	1.031	0.990	0.909	0.754	0.802	1.015	0.782	0.847	0.991	0.949	0.938	0.922	0.887	0.791	0.985	0.809	0.899	0.907	0.849	1.004	0.923	0.997	1.004	0.880	0.871	0.996	0.997
2:39:10	37.0	1.055	0.975	1.062	1.074	1.186	1.019	1.057	1.187	0.986	1.062	1.098	0.952	0.848	0.832	1.073	0.868	0.982	1.003	0.896	0.884	0.861	1.049	0.947	1.152	0.933	1.009	1.009	0.945	1.018	1.106	1.139	1.000	0.977	0.933	1.031	1.149	0.940	1.054	1.006	0.926	0.770	0.811	1.021	0.792	0.858	0.995	0.959	0.954	0.934	0.889	0.802	0.989	0.815	0.913	0.910	0.858	1.011	0.933	1.008	1.017	0.895	0.884	1.009	1.004
2:44:10	37.0	1.076	0.998	1.093	1.102	1.215	1.051	1.084	1.199	1.001	1.074	1.104	0.958	0.862	0.846	1.083	0.880	0.993	1.018	0.909	0.895	0.872	1.054	0.955	1.160	0.947	1.028	1.024	0.957	1.028	1.112	1.144	1.009	0.993	0.951	1.048	1.164	0.959	1.071	1.024	0.939	0.788	0.815	1.028	0.802	0.869	1.002	0.966	0.964	0.950	0.901	0.805	0.995	0.831	0.918	0.917	0.868	1.026	0.943	1.016	1.024	0.905	0.904	1.028	1.024
2:49:10	37.0	1.106	1.009	1.097	1.111	1.223	1.056	1.093	1.228	1.013	1.089	1.117	0.977	0.878	0.857	1.090	0.888	1.005	1.035	0.928	0.918	0.902	1.076	0.975	1.167	0.964	1.054	1.050	0.990	1.050	1.121	1.163	1.025	1.002	0.966	1.059	1.173	0.972	1.081	1.040	0.954	0.808	0.820	1.034	0.813	0.876	1.005	0.969	0.974	0.962	0.908	0.825	1.001	0.843	0.931	0.931	0.889	1.037	0.959	1.031	1.042	0.921	0.925	1.047	1.035
2:54:10	37.0	1.168	1.051	1.133	1.152	1.264	1.103	1.145	1.270	1.024	1.107	1.137	0.992	0.908	0.890	1.117	0.904	1.014	1.053	0.947	0.930	0.915	1.086	0.997	1.182	0.983	1.067	1.062	1.005	1.063	1.140	1.173	1.035	1.014	0.974	1.069	1.179	0.986	1.092	1.055	0.971	0.820	0.826	1.037	0.816	0.885	1.011	0.974	0.984	0.975	0.922	0.827	1.014	0.849	0.935	0.942	0.908	1.049	0.971	1.046	1.057	0.936	0.942	1.060	1.053
2:59:10	37.0	1.176	1.115	1.182	1.190	1.282	1.116	1.199	1.331	1.039	1.126	1.155	1.012	0.934	0.913	1.134	0.923	1.033	1.067	0.967	0.951	0.935	1.106	1.016	1.196	1.001	1.088	1.080	1.026	1.083	1.162	1.192	1.046	1.032	0.991	1.088	1.189	1.004	1.106	1.065	0.983	0.836	0.847	1.047	0.826	0.897	1.023	0.991	0.999	0.985	0.940	0.849	1.031	0.876	0.956	0.961	0.928	1.067	0.980	1.057	1.065	0.954	0.948	1.069	1.065
3:04:10	37.0	1.203	1.127	1.208	1.208	1.321	1.169	1.202	1.324	1.058	1.145	1.170	1.028	0.962	0.937	1.151	0.943	1.044	1.085	0.988	0.970	0.958	1.116	1.030	1.208	1.011	1.106	1.098	1.041	1.097	1.183	1.210	1.059	1.052	1.011	1.091	1.202	1.017	1.122	1.073	0.997	0.844	0.869	1.069	0.855	0.928	1.050	1.020	1.014	0.991	0.953	0.868	1.049	0.893	0.970	0.973	0.933	1.079	0.990	1.063	1.073	0.965	0.963	1.079	1.071
3:09:10	37.0	1.219	1.139	1.220	1.234	1.336	1.197	1.211	1.345	1.079	1.162	1.189	1.043	0.987	0.954	1.174	0.962	1.057	1.099	1.000	0.987	0.968	1.136	1.050	1.228	1.067	1.110	1.128	1.056	1.113	1.188	1.217	1.097	1.097	1.044	1.125	1.230	1.034	1.131	1.115	1.029	0.862	0.885	1.083	0.880	0.943	1.064	1.032	1.025	1.003	0.966	0.885	1.060	0.907	0.979	0.979	0.940	1.091	1.002	1.076	1.087	0.973	0.973	1.093	1.082
3:14:10	37.0	1.226	1.152	1.233	1.244	1.351	1.212	1.228	1.363	1.105	1.189	1.198	1.066	1.015	0.962	1.200	1.005	1.071	1.123	1.016	0.989	0.984	1.144	1.085	1.288	1.097	1.154	1.158	1.077	1.125	1.202	1.258	1.156	1.118	1.057	1.159	1.245	1.051	1.180	1.140	1.073	0.877	0.900	1.097	0.895	0.957	1.074	1.045	1.028	1.013	0.972	0.905	1.077	0.920	0.989	1.000	0.954	1.109	1.018	1.096	1.104	0.991	0.982	1.108	1.096
3:19:10	37.0	1.304	1.139	1.225	1.249	1.332	1.214	1.231	1.365	1.137	1.195	1.228	1.098	1.040	1.013	1.240	1.056	1.081	1.167	1.090	1.045	1.011	1.171	1.099	1.263	1.142	1.202	1.188	1.109	1.168	1.243	1.266	1.150	1.150	1.085	1.173	1.270	1.087	1.189	1.167	1.084	0.895	0.917	1.113	0.920	0.976	1.093	1.060	1.040	1.028	0.996	0.919	1.093	0.939	1.007	1.015	0.970	1.170	1.058	1.117	1.147	1.012	1.022	1.137	1.123
3:24:10	37.0	1.336	1.224	1.286	1.288	1.395	1.253	1.272	1.434	1.179	1.237	1.252	1.112	1.080	1.035	1.245	1.083	1.109	1.162	1.088	1.072	1.039	1.189	1.114	1.314	1.108	1.193	1.176	1.147	1.188	1.275	1.298	1.198	1.140	1.100	1.192	1.283	1.103	1.215	1.168	1.089	0.926	0.938	1.130	0.942	1.000	1.115	1.081	1.050	1.044	1.016	0.944	1.114	0.950	1.028	1.026	0.981	1.195	1.078	1.147	1.166	1.043	1.046	1.155	1.159
3:29:10	37.0	1.357	1.264	1.325	1.334	1.432	1.286	1.315	1.459	1.194	1.264	1.277	1.122	1.074	1.041	1.257	1.071	1.176	1.204	1.116	1.076	1.065	1.231	1.149	1.297	1.132	1.217	1.214	1.144	1.191	1.278	1.321	1.200	1.150	1.123	1.212	1.302	1.129	1.232	1.185	1.104	0.942	0.953	1.137	0.964	1.013	1.122	1.097	1.065	1.078	1.033	0.968	1.139	0.971	1.044	1.051	1.022	1.199	1.125	1.153	1.189	1.079	1.072	1.191	1.168
3:34:10	37.0	1.368	1.287	1.360	1.380	1.472	1.343	1.332	1.487	1.200	1.265	1.284	1.161	1.085	1.075	1.266	1.104	1.147	1.211	1.116	1.089	1.075	1.219	1.144	1.333	1.142	1.226	1.229	1.172	1.209	1.286	1.308	1.200	1.180	1.141	1.233	1.321	1.153	1.248	1.210	1.129	0.982	0.976	1.169	0.976	1.046	1.149	1.131	1.107	1.117	1.037	0.981	1.163	0.989	1.055	1.086	1.060	1.209	1.115	1.193	1.193	1.110	1.095	1.202	1.171
3:39:10	37.0	1.410	1.319	1.345	1.385	1.490	1.365	1.378	1.502	1.208	1.296	1.297	1.162	1.119	1.101	1.285	1.119	1.184	1.217	1.116	1.122	1.076	1.243	1.165	1.324	1.159	1.228	1.226	1.176	1.212	1.307	1.321	1.205	1.207	1.146	1.244	1.331	1.182	1.269	1.236	1.154	1.029	1.017	1.199	1.024	1.080	1.179	1.159	1.116	1.149	1.076	0.994	1.181	1.010	1.064	1.091	1.104	1.233	1.133	1.204	1.215	1.098	1.108	1.219	1.177
3:44:10	37.0	1.403	1.341	1.408	1.398	1.512	1.372	1.393	1.507	1.224	1.310	1.310	1.179	1.135	1.117	1.289	1.142	1.192	1.236	1.128	1.133	1.087	1.245	1.169	1.343	1.170	1.229	1.268	1.159	1.207	1.310	1.335	1.227	1.223	1.186	1.292	1.353	1.204	1.292	1.258	1.192	1.044	1.038	1.218	1.054	1.095	1.199	1.171	1.153	1.189	1.079	1.018	1.184	1.048	1.107	1.120	1.089	1.250	1.139	1.224	1.225	1.121	1.117	1.235	1.199
3:49:10	37.0	1.425	1.345	1.405	1.420	1.509	1.414	1.383	1.528	1.224	1.297	1.304	1.169	1.133	1.104	1.298	1.149	1.209	1.230	1.122	1.131	1.102	1.247	1.165	1.345	1.210	1.298	1.294	1.228	1.270	1.308	1.349	1.219	1.256	1.228	1.306	1.332	1.208	1.311	1.289	1.213	1.056	1.017	1.215	1.061	1.127	1.222	1.171	1.157	1.164	1.099	1.038	1.197	1.046	1.113	1.117	1.102	1.294	1.160	1.229	1.230	1.135	1.126	1.239	1.213
3:54:10	37.0	1.455	1.363	1.451	1.456	1.541	1.403	1.442	1.563	1.276	1.341	1.358	1.219	1.178	1.133	1.319	1.177	1.218	1.253	1.166	1.155	1.101	1.262	1.193	1.376	1.204	1.306	1.303	1.242	1.282	1.355	1.375	1.282	1.297	1.268	1.320	1.415	1.258	1.314	1.295	1.238	1.086	1.056	1.233	1.070	1.120	1.220	1.191	1.175	1.181	1.111	1.072	1.211	1.058	1.124	1.135	1.123	1.293	1.174	1.249	1.243	1.154	1.146	1.264	1.241
3:59:10	37.0	1.472	1.366	1.437	1.444	1.535	1.438	1.443	1.585	1.298	1.363	1.372	1.255	1.227	1.189	1.359	1.206	1.233	1.291	1.218	1.208	1.188	1.309	1.262	1.396	1.224	1.311	1.322	1.241	1.287	1.398	1.408	1.301	1.328	1.294	1.333	1.411	1.273	1.372	1.340	1.264	1.087	1.056	1.241	1.083	1.128	1.227	1.210	1.189	1.200	1.123	1.065	1.217	1.076	1.150	1.148	1.130	1.331	1.198	1.267	1.263	1.179	1.165	1.265	1.275
4:04:10	37.0	1.475	1.430	1.482	1.477	1.552	1.438	1.450	1.608	1.328	1.400	1.381	1.281	1.213	1.170	1.366	1.232	1.235	1.308	1.201	1.224	1.173	1.345	1.236	1.414	1.241	1.321	1.334	1.265	1.313	1.397	1.424	1.329	1.339	1.305	1.367	1.445	1.287	1.380	1.341	1.288	1.115	1.084	1.250	1.087	1.141	1.232	1.213	1.205	1.204	1.149	1.071	1.230	1.082	1.154	1.151	1.159	1.338	1.215	1.283	1.280	1.195	1.187	1.312	1.316
4:09:10	37.0	1.476	1.413	1.479	1.460	1.572	1.464	1.461	1.609	1.322	1.425	1.395	1.285	1.220	1.196	1.395	1.230	1.278	1.324	1.230	1.225	1.189	1.329	1.262	1.428	1.260	1.331	1.337	1.265	1.318	1.409	1.429	1.321	1.346	1.313	1.391	1.460	1.315	1.399	1.369	1.310	1.143	1.102	1.270	1.112	1.155	1.252	1.239	1.226	1.206	1.151	1.085	1.245	1.093	1.169	1.164	1.181	1.359	1.253	1.306	1.305	1.228	1.223	1.342	1.323
4:14:10	37.1	1.443	1.432	1.491	1.502	1.575	1.477	1.468	1.593	1.339	1.428	1.420	1.287	1.242	1.225	1.417	1.249	1.303	1.350	1.219	1.259	1.198	1.347	1.294	1.440	1.271	1.337	1.367	1.304	1.340	1.422	1.434	1.353	1.360	1.338	1.405	1.471	1.326	1.423	1.372	1.319	1.132	1.104	1.274	1.121	1.168	1.257	1.247	1.243	1.230	1.174	1.101	1.261	1.113	1.186	1.194	1.182	1.365	1.250	1.329	1.334	1.258	1.230	1.352	1.308
4:19:10	37.0	1.375	1.373	1.458	1.481	1.577	1.463	1.456	1.534	1.357	1.448	1.443	1.306	1.280	1.250	1.403	1.275	1.319	1.363	1.290	1.266	1.212	1.353	1.313	1.467	1.293	1.364	1.385	1.314	1.349	1.445	1.452	1.350	1.393	1.333	1.412	1.493	1.323	1.426	1.389	1.343	1.156	1.122	1.331	1.140	1.192	1.303	1.273	1.243	1.262	1.190	1.133	1.310	1.145	1.201	1.197	1.215	1.388	1.268	1.322	1.330	1.251	1.236	1.376	1.333
4:24:10	37.1	1.332	1.308	1.357	1.426	1.499	1.399	1.412	1.483	1.363	1.437	1.445	1.311	1.281	1.282	1.434	1.275	1.323	1.354	1.268	1.292	1.233	1.367	1.323	1.464	1.320	1.369	1.402	1.322	1.360	1.444	1.461	1.380	1.412	1.353	1.433	1.525	1.385	1.457	1.433	1.360	1.214	1.163	1.317	1.169	1.223	1.309	1.300	1.296	1.284	1.208	1.180	1.306	1.141	1.209	1.229	1.245	1.392	1.278	1.350	1.361	1.273	1.275	1.363	1.348
4:29:10	37.0	1.237	1.268	1.314	1.389	1.549	1.358	1.308	1.387	1.373	1.455	1.450	1.330	1.300	1.270	1.441	1.288	1.358	1.380	1.285	1.293	1.234	1.389	1.320	1.483	1.312	1.385	1.401	1.337	1.369	1.480	1.484	1.397	1.399	1.359	1.466	1.514	1.382	1.461	1.425	1.385	1.225	1.165	1.335	1.198	1.230	1.337	1.305	1.293	1.303	1.240	1.180	1.317	1.184	1.228	1.241	1.254	1.419	1.292	1.360	1.369	1.292	1.271	1.391	1.367
4:34:10	37.0	1.286	1.181	1.267	1.301	1.411	1.243	1.253	1.321	1.408	1.475	1.472	1.352	1.316	1.299	1.448	1.284	1.356	1.385	1.309	1.298	1.251	1.395	1.336	1.483	1.329	1.393	1.403	1.337	1.384	1.484	1.499	1.416	1.391	1.347	1.433	1.512	1.385	1.476	1.458	1.293	1.213	1.180	1.344	1.202	1.247	1.329	1.304	1.307	1.312	1.233	1.192	1.337	1.196	1.244	1.251	1.272	1.429	1.305	1.393	1.363	1.291	1.300	1.406	1.378
4:39:10	37.0	1.473	1.158	1.200	1.225	1.432	1.196	1.183	1.288	1.423	1.484	1.477	1.361	1.328	1.301	1.467	1.345	1.377	1.408	1.296	1.291	1.252	1.410	1.349	1.486	1.352	1.421	1.417	1.355	1.392	1.491	1.513	1.418	1.248	1.319	1.357	1.458	1.298	1.398	1.354	1.180	1.227	1.190	1.360	1.227	1.263	1.345	1.324	1.317	1.338	1.268	1.216	1.354	1.219	1.262	1.253	1.283	1.436	1.330	1.387	1.388	1.326	1.328	1.429	1.399
4:44:10	37.0	1.528	1.171	1.159	1.173	1.506	1.149	1.151	1.386	1.403	1.476	1.494	1.371	1.333	1.321	1.460	1.317	1.355	1.405	1.311	1.305	1.265	1.405	1.351	1.495	1.370	1.425	1.419	1.365	1.396	1.507	1.526	1.417	1.241	1.235	1.282	1.413	1.262	1.313	1.290	1.068	1.256	1.199	1.368	1.220	1.250	1.355	1.329	1.327	1.327	1.274	1.227	1.365	1.220	1.297	1.271	1.309	1.450	1.358	1.409	1.403	1.351	1.343	1.441	1.418
4:49:10	37.0	1.551	1.291	1.239	1.186	1.566	1.163	1.171	1.561	1.420	1.501	1.504	1.382	1.357	1.325	1.479	1.356	1.396	1.414	1.328	1.332	1.288	1.404	1.347	1.501	1.377	1.416	1.440	1.358	1.394	1.494	1.548	1.433	1.115	1.170	1.220	1.339	1.120	1.214	1.174	1.035	1.291	1.209	1.377	1.223	1.278	1.378	1.337	1.338	1.351	1.308	1.255	1.386	1.234	1.303	1.297	1.315	1.455	1.359	1.431	1.421	1.368	1.359	1.454	1.413
4:54:10	37.1	1.563	1.393	1.405	1.377	1.621	1.413	1.353	1.597	1.428	1.507	1.510	1.379	1.337	1.324	1.480	1.357	1.407	1.419	1.334	1.315	1.281	1.405	1.369	1.506	1.388	1.431	1.447	1.381	1.409	1.516	1.526	1.437	1.076	1.067	1.159	1.363	1.069	1.165	1.183	1.111	1.279	1.219	1.395	1.246	1.302	1.379	1.342	1.351	1.379	1.304	1.284	1.388	1.264	1.325	1.295	1.333	1.453	1.363	1.459	1.434	1.384	1.358	1.472	1.438
4:59:10	37.0	1.574	1.423	1.445	1.449	1.641	1.480	1.409	1.608	1.432	1.502	1.506	1.393	1.366	1.323	1.497	1.355	1.391	1.426	1.365	1.330	1.267	1.420	1.368	1.514	1.374	1.431	1.451	1.389	1.413	1.508	1.527	1.436	1.268	1.032	1.120	1.359	1.100	1.190	1.397	1.265	1.296	1.223	1.389	1.260	1.315	1.386	1.378	1.377	1.374	1.321	1.283	1.415	1.267	1.323	1.318	1.345	1.460	1.393	1.447	1.442	1.400	1.371	1.472	1.437
5:04:10	37.0	1.580	1.424	1.465	1.470	1.653	1.501	1.431	1.610	1.443	1.516	1.517	1.386	1.382	1.323	1.494	1.388	1.411	1.422	1.345	1.337	1.292	1.429	1.364	1.519	1.392	1.457	1.440	1.403	1.405	1.509	1.539	1.469	1.380	1.068	1.110	1.412	1.254	1.250	1.451	1.306	1.304	1.242	1.414	1.260	1.305	1.391	1.379	1.417	1.403	1.328	1.298	1.403	1.284	1.338	1.343	1.348	1.466	1.361	1.450	1.450	1.394	1.371	1.494	1.462
5:09:10	37.0	1.588	1.438	1.472	1.486	1.658	1.510	1.442	1.617	1.455	1.531	1.536	1.411	1.386	1.361	1.500	1.394	1.417	1.435	1.353	1.348	1.285	1.439	1.372	1.528	1.391	1.472	1.452	1.416	1.428	1.528	1.551	1.476	1.403	1.256	1.160	1.511	1.309	1.285	1.458	1.317	1.318	1.257	1.421	1.267	1.332	1.396	1.383	1.416	1.397	1.341	1.317	1.416	1.299	1.364	1.346	1.347	1.466	1.391	1.452	1.478	1.400	1.389	1.493	1.454
5:14:10	37.0	1.593	1.427	1.472	1.490	1.651	1.504	1.444	1.617	1.465	1.514	1.526	1.392	1.384	1.348	1.515	1.386	1.410	1.444	1.347	1.336	1.289	1.409	1.372	1.525	1.367	1.477	1.457	1.408	1.423	1.527	1.532	1.444	1.408	1.334	1.266	1.548	1.326	1.296	1.460	1.317	1.324	1.268	1.434	1.298	1.331	1.416	1.399	1.414	1.393	1.342	1.304	1.436	1.314	1.359	1.350	1.384	1.498	1.381	1.464	1.469	1.409	1.385	1.495	1.436
5:19:10	37.0	1.606	1.439	1.476	1.493	1.653	1.509	1.448	1.621	1.443	1.533	1.521	1.407	1.386	1.343	1.502	1.377	1.424	1.425	1.352	1.345	1.302	1.431	1.374	1.491	1.385	1.446	1.461	1.404	1.408	1.531	1.549	1.445	1.411	1.351	1.308	1.556	1.338	1.310	1.467	1.322	1.331	1.292	1.450	1.339	1.352	1.420	1.436	1.445	1.405	1.357	1.321	1.449	1.307	1.381	1.361	1.361	1.508	1.347	1.431	1.443	1.366	1.369	1.492	1.425
5:24:10	37.0	1.616	1.449	1.480	1.494	1.661	1.507	1.452	1.626	1.434	1.542	1.518	1.403	1.391	1.362	1.503	1.343	1.424	1.423	1.331	1.342	1.289	1.423	1.363	1.513	1.411	1.459	1.454	1.374	1.399	1.527	1.531	1.474	1.421	1.357	1.318	1.560	1.345	1.320	1.469	1.327	1.337	1.292	1.434	1.322	1.365	1.436	1.421	1.434	1.414	1.346	1.335	1.454	1.327	1.397	1.375	1.383	1.494	1.391	1.478	1.486	1.415	1.399	1.519	1.457
5:29:10	37.0	1.622	1.458	1.481	1.502	1.665	1.514	1.459	1.635	1.423	1.523	1.516	1.409	1.387	1.356	1.498	1.388	1.390	1.420	1.323	1.325	1.273	1.424	1.364	1.514	1.402	1.475	1.466	1.416	1.422	1.524	1.550	1.474	1.423	1.364	1.334	1.566	1.353	1.329	1.470	1.337	1.344	1.295	1.454	1.332	1.369	1.434	1.438	1.439	1.404	1.371	1.334	1.456	1.315	1.384	1.365	1.350	1.489	1.410	1.481	1.487	1.418	1.404	1.507	1.446
5:34:10	37.0	1.624	1.468	1.487	1.507	1.667	1.518	1.459	1.639	1.462	1.537	1.516	1.386	1.371	1.356	1.513	1.386	1.396	1.437	1.347	1.339	1.291	1.416	1.369	1.521	1.411	1.476	1.470	1.424	1.425	1.532	1.552	1.476	1.433	1.369	1.345	1.570	1.359	1.336	1.474	1.338	1.353	1.290	1.445	1.323	1.363	1.460	1.450	1.430	1.429	1.341	1.312	1.428	1.305	1.366	1.329	1.386	1.488	1.407	1.473	1.470	1.416	1.413	1.502	1.441
5:39:10	37.0	1.624	1.471	1.492	1.510	1.670	1.521	1.467	1.643	1.456	1.536	1.522	1.409	1.397	1.362	1.510	1.388	1.431	1.434	1.357	1.338	1.303	1.424	1.377	1.526	1.405	1.476	1.477	1.429	1.428	1.530	1.555	1.478	1.444	1.373	1.353	1.574	1.364	1.347	1.477	1.346	1.370	1.305	1.454	1.321	1.396	1.432	1.441	1.430	1.439	1.324	1.311	1.441	1.334	1.367	1.387	1.405	1.483	1.404	1.467	1.472	1.410	1.408	1.493	1.443
5:44:10	37.0	1.625	1.474	1.497	1.515	1.674	1.525	1.471	1.648	1.468	1.534	1.524	1.410	1.394	1.358	1.518	1.389	1.426	1.443	1.358	1.340	1.312	1.427	1.377	1.526	1.401	1.482	1.477	1.430	1.432	1.534	1.555	1.477	1.463	1.379	1.363	1.577	1.374	1.360	1.487	1.357	1.410	1.318	1.470	1.352	1.404	1.470	1.471	1.477	1.430	1.365	1.350	1.481	1.336	1.401	1.385	1.394	1.492	1.390	1.462	1.470	1.398	1.404	1.497	1.436
5:49:10	37.0	1.624	1.475	1.500	1.518	1.678	1.531	1.475	1.650	1.466	1.539	1.525	1.413	1.398	1.360	1.521	1.391	1.428	1.447	1.359	1.347	1.318	1.429	1.380	1.526	1.408	1.480	1.476	1.432	1.436	1.534	1.558	1.478	1.479	1.381	1.369	1.580	1.380	1.374	1.492	1.374	1.384	1.321	1.467	1.356	1.406	1.470	1.469	1.458	1.430	1.388	1.361	1.482	1.347	1.404	1.389	1.406	1.488	1.397	1.475	1.477	1.401	1.417	1.501	1.431
5:54:10	37.0	1.625	1.475	1.505	1.521	1.679	1.533	1.480	1.652	1.468	1.544	1.529	1.413	1.404	1.363	1.524	1.393	1.430	1.451	1.366	1.348	1.323	1.435	1.379	1.528	1.406	1.483	1.475	1.435	1.438	1.539	1.561	1.481	1.494	1.385	1.376	1.582	1.387	1.385	1.502	1.389	1.379	1.325	1.476	1.364	1.410	1.474	1.470	1.454	1.429	1.387	1.352	1.482	1.347	1.410	1.394	1.406	1.488	1.389	1.468	1.482	1.409	1.402	1.498	1.438
5:59:10	37.0	1.621	1.476	1.505	1.522	1.678	1.533	1.480	1.651	1.467	1.547	1.532	1.417	1.407	1.368	1.529	1.395	1.430	1.458	1.368	1.351	1.323	1.439	1.381	1.531	1.401	1.491	1.480	1.440	1.444	1.543	1.564	1.478	1.506	1.386	1.381	1.585	1.391	1.394	1.508	1.404	1.381	1.333	1.483	1.371	1.416	1.479	1.476	1.448	1.425	1.385	1.363	1.479	1.345	1.408	1.394	1.395	1.492	1.390	1.468	1.473	1.396	1.407	1.496	1.452
6:04:10	37.1	1.621	1.476	1.505	1.523	1.680	1.536	1.477	1.651	1.465	1.546	1.532	1.411	1.407	1.363	1.528	1.398	1.432	1.458	1.365	1.350	1.322	1.433	1.380	1.534	1.411	1.490	1.478	1.437	1.444	1.542	1.554	1.473	1.510	1.389	1.389	1.586	1.397	1.403	1.512	1.409	1.377	1.330	1.489	1.375	1.418	1.480	1.476	1.450	1.421	1.377	1.357	1.472	1.341	1.399	1.389	1.398	1.486	1.400	1.479	1.476	1.416	1.419	1.506	1.456
6:09:10	37.0	1.621	1.480	1.512	1.530	1.681	1.545	1.487	1.654	1.468	1.545	1.537	1.415	1.410	1.369	1.531	1.401	1.437	1.455	1.374	1.345	1.324	1.440	1.381	1.533	1.410	1.493	1.479	1.442	1.440	1.542	1.552	1.474	1.518	1.396	1.397	1.589	1.399	1.412	1.517	1.413	1.379	1.334	1.491	1.377	1.417	1.481	1.471	1.449	1.420	1.376	1.351	1.474	1.342	1.403	1.392	1.388	1.480	1.404	1.489	1.478	1.421	1.421	1.515	1.455
6:14:10	37.0	1.619	1.477	1.509	1.530	1.681	1.538	1.484	1.652	1.473	1.548	1.542	1.424	1.413	1.376	1.534	1.395	1.436	1.462	1.372	1.354	1.332	1.444	1.388	1.529	1.417	1.491	1.480	1.440	1.437	1.542	1.558	1.478	1.521	1.400	1.404	1.591	1.403	1.418	1.521	1.417	1.381	1.329	1.485	1.375	1.415	1.477	1.467	1.442	1.424	1.378	1.360	1.474	1.341	1.401	1.388	1.383	1.477	1.400	1.476	1.484	1.419	1.429	1.518	1.459
6:19:10	37.1	1.619	1.477	1.514	1.534	1.683	1.540	1.489	1.654	1.469	1.552	1.545	1.427	1.411	1.375	1.528	1.399	1.434	1.463	1.382	1.357	1.327	1.446	1.385	1.533	1.423	1.493	1.479	1.436	1.433	1.538	1.552	1.484	1.525	1.406	1.415	1.594	1.407	1.425	1.524	1.419	1.382	1.324	1.476	1.364	1.406	1.470	1.468	1.443	1.422	1.380	1.349	1.469	1.333	1.393	1.378	1.387	1.468	1.398	1.482	1.490	1.416	1.422	1.514	1.461
6:24:10	37.0	1.620	1.477	1.518	1.534	1.685	1.542	1.495	1.659	1.471	1.551	1.537	1.419	1.411	1.365	1.524	1.404	1.432	1.464	1.380	1.365	1.333	1.446	1.386	1.541	1.418	1.487	1.479	1.433	1.436	1.543	1.559	1.483	1.528	1.413	1.425	1.597	1.412	1.435	1.526	1.423	1.388	1.323	1.479	1.367	1.408	1.476	1.465	1.450	1.423	1.379	1.341	1.460	1.332	1.390	1.375	1.394	1.464	1.395	1.475	1.494	1.420	1.417	1.511	1.457
6:29:10	37.0	1.617	1.480	1.523	1.540	1.686	1.547	1.498	1.661	1.474	1.554	1.538	1.421	1.411	1.367	1.524	1.397	1.441	1.464	1.375	1.359	1.326	1.440	1.386	1.544	1.421	1.492	1.479	1.437	1.438	1.540	1.559	1.485	1.531	1.416	1.431	1.600	1.416	1.440	1.529	1.426	1.387	1.323	1.475	1.362	1.407	1.472	1.474	1.455	1.429	1.375	1.340	1.454	1.330	1.386	1.376	1.398	1.457	1.388	1.472	1.489	1.415	1.414	1.507	1.457
6:34:10	37.0	1.622	1.483	1.528	1.547	1.690	1.550	1.500	1.661	1.473	1.553	1.534	1.424	1.407	1.368	1.529	1.402	1.440	1.460	1.373	1.358	1.318	1.439	1.386	1.544	1.417	1.497	1.482	1.435	1.439	1.542	1.561	1.483	1.535	1.422	1.440	1.602	1.424	1.448	1.531	1.430	1.391	1.329	1.476	1.362	1.409	1.475	1.479	1.453	1.436	1.382	1.338	1.458	1.337	1.388	1.382	1.405	1.448	1.395	1.471	1.488	1.412	1.412	1.509	1.442
6:39:10	37.0	1.622	1.489	1.535	1.554	1.695	1.555	1.503	1.663	1.477	1.553	1.537	1.421	1.415	1.375	1.532	1.400	1.448	1.460	1.371	1.363	1.324	1.440	1.394	1.539	1.420	1.505	1.484	1.444	1.443	1.543	1.559	1.487	1.538	1.428	1.445	1.604	1.429	1.455	1.535	1.432	1.393	1.335	1.483	1.367	1.417	1.482	1.484	1.452	1.442	1.387	1.347	1.464	1.344	1.399	1.383	1.407	1.439	1.389	1.461	1.483	1.397	1.409	1.506	1.433
6:44:10	37.0	1.623	1.494	1.539	1.560	1.699	1.556	1.509	1.667	1.467	1.558	1.539	1.419	1.417	1.371	1.526	1.391	1.447	1.462	1.373	1.365	1.322	1.450	1.388	1.532	1.416	1.506	1.482	1.445	1.441	1.542	1.561	1.480	1.540	1.434	1.456	1.610	1.437	1.466	1.538	1.434	1.385	1.337	1.479	1.367	1.419	1.477	1.484	1.447	1.441	1.397	1.352	1.467	1.352	1.399	1.393	1.389	1.427	1.388	1.461	1.479	1.399	1.401	1.496	1.433
6:49:10	37.1	1.624	1.499	1.546	1.563	1.701	1.560	1.509	1.668	1.471	1.560	1.539	1.418	1.424	1.369	1.524	1.385	1.454	1.464	1.376	1.364	1.326	1.448	1.390	1.534	1.412	1.513	1.487	1.451	1.445	1.542	1.563	1.479	1.540	1.442	1.466	1.614	1.443	1.474	1.544	1.437	1.386	1.342	1.480	1.371	1.422	1.477	1.484	1.445	1.440	1.399	1.358	1.474	1.355	1.407	1.395	1.400	1.407	1.380	1.455	1.476	1.397	1.391	1.499	1.416
6:54:10	37.0	1.625	1.502	1.552	1.568	1.706	1.568	1.515	1.670	1.471	1.566	1.536	1.417	1.419	1.363	1.522	1.376	1.453	1.469	1.377	1.364	1.336	1.450	1.390	1.531	1.403	1.510	1.488	1.447	1.443	1.535	1.563	1.475	1.539	1.448	1.474	1.617	1.448	1.482	1.548	1.441	1.380	1.352	1.479	1.366	1.427	1.478	1.488	1.441	1.439	1.405	1.365	1.475	1.360	1.412	1.396	1.399	1.395	1.375	1.447	1.468	1.391	1.389	1.495	1.413
6:59:10	37.0	1.628	1.506	1.556	1.573	1.710	1.572	1.522	1.676	1.460	1.563	1.528	1.407	1.420	1.359	1.517	1.371	1.453	1.467	1.375	1.365	1.338	1.446	1.388	1.527	1.405	1.512	1.482	1.448	1.438	1.533	1.559	1.474	1.542	1.456	1.484	1.623	1.458	1.494	1.554	1.444	1.375	1.346	1.481	1.362	1.427	1.481	1.481	1.433	1.436	1.406	1.364	1.473	1.361	1.407	1.397	1.394	1.392	1.375	1.453	1.468	1.388	1.386	1.495	1.407
7:04:10	37.1	1.631	1.510	1.560	1.577	1.714	1.577	1.525	1.678	1.454	1.558	1.523	1.401	1.411	1.349	1.509	1.364	1.452	1.466	1.372	1.354	1.337	1.438	1.384	1.521	1.394	1.506	1.488	1.446	1.433	1.527	1.553	1.465	1.543	1.463	1.492	1.628	1.466	1.502	1.558	1.446	1.369	1.351	1.475	1.359	1.426	1.478	1.483	1.425	1.432	1.404	1.364	1.472	1.358	1.409	1.397	1.388	1.391	1.370	1.443	1.466	1.380	1.386	1.495	1.403
7:09:10	37.0	1.629	1.514	1.568	1.582	1.718	1.583	1.531	1.683	1.454	1.555	1.515	1.396	1.405	1.343	1.506	1.364	1.453	1.469	1.368	1.347	1.334	1.437	1.372	1.520	1.390	1.506	1.482	1.450	1.432	1.527	1.549	1.468	1.545	1.470	1.500	1.631	1.473	1.512	1.565	1.450	1.357	1.352	1.483	1.365	1.425	1.474	1.485	1.419	1.427	1.402	1.368	1.473	1.359	1.408	1.397	1.382	1.390	1.363	1.444	1.459	1.382	1.384	1.492	1.405
7:14:10	37.0	1.630	1.517	1.570	1.585	1.720	1.583	1.535	1.685	1.446	1.550	1.514	1.393	1.400	1.343	1.499	1.357	1.448	1.466	1.365	1.340	1.336	1.433	1.369	1.515	1.391	1.502	1.476	1.455	1.423	1.522	1.539	1.455	1.546	1.475	1.506	1.635	1.481	1.519	1.569	1.452	1.350	1.346	1.480	1.361	1.422	1.474	1.485	1.412	1.420	1.398	1.365	1.479	1.358	1.412	1.400	1.383	1.392	1.363	1.440	1.462	1.379	1.381	1.486	1.405
7:19:10	37.0	1.633	1.520	1.575	1.590	1.724	1.591	1.542	1.690	1.439	1.547	1.509	1.391	1.398	1.339	1.500	1.359	1.442	1.467	1.360	1.334	1.333	1.425	1.365	1.505	1.378	1.496	1.474	1.451	1.420	1.521	1.540	1.457	1.550	1.480	1.513	1.640	1.489	1.530	1.577	1.454	1.345	1.347	1.475	1.362	1.426	1.470	1.481	1.412	1.419	1.395	1.371	1.473	1.355	1.410	1.395	1.378	1.391	1.362	1.441	1.464	1.378	1.380	1.492	1.406
7:24:10	37.0	1.637	1.528	1.582	1.597	1.729	1.596	1.547	1.692	1.435	1.542	1.509	1.392	1.386	1.342	1.494	1.357	1.435	1.464	1.362	1.335	1.333	1.423	1.364	1.509	1.377	1.500	1.473	1.448	1.415	1.519	1.538	1.453	1.552	1.485	1.520	1.643	1.497	1.536	1.581	1.459	1.339	1.346	1.476	1.357	1.424	1.468	1.481	1.411	1.405	1.397	1.374	1.472	1.350	1.405	1.388	1.375	1.391	1.357	1.443	1.463	1.375	1.375	1.483	1.409
7:29:10	37.0	1.639	1.528	1.584	1.598	1.732	1.600	1.551	1.693	1.433	1.540	1.509	1.387	1.386	1.339	1.496	1.351	1.439	1.466	1.358	1.333	1.328	1.417	1.359	1.509	1.373	1.489	1.469	1.449	1.415	1.514	1.540	1.451	1.555	1.490	1.526	1.648	1.502	1.540	1.587	1.465	1.328	1.336	1.474	1.357	1.423	1.464	1.477	1.407	1.404	1.389	1.369	1.474	1.347	1.405	1.390	1.367	1.394	1.353	1.444	1.462	1.372	1.378	1.487	1.409
7:34:10	37.0	1.643	1.530	1.588	1.602	1.734	1.602	1.554	1.697	1.428	1.530	1.507	1.389	1.380	1.338	1.492	1.347	1.436	1.456	1.352	1.327	1.320	1.418	1.359	1.507	1.370	1.492	1.466	1.439	1.408	1.515	1.538	1.445	1.561	1.495	1.532	1.653	1.510	1.549	1.591	1.466	1.324	1.337	1.473	1.358	1.417	1.462	1.470	1.405	1.401	1.390	1.353	1.466	1.341	1.396	1.382	1.360	1.393	1.357	1.438	1.466	1.372	1.379	1.492	1.411
7:39:10	37.0	1.643	1.543	1.597	1.609	1.741	1.609	1.558	1.701	1.425	1.531	1.512	1.388	1.382	1.344	1.494	1.353	1.423	1.450	1.345	1.328	1.307	1.411	1.353	1.503	1.367	1.495	1.465	1.430	1.410	1.513	1.534	1.445	1.559	1.497	1.538	1.657	1.515	1.554	1.596	1.470	1.324	1.337	1.472	1.365	1.413	1.460	1.469	1.407	1.398	1.385	1.357	1.464	1.335	1.394	1.380	1.358	1.394	1.352	1.440	1.464	1.366	1.370	1.478	1.407
7:44:10	37.0	1.644	1.538	1.596	1.610	1.740	1.611	1.563	1.704	1.419	1.528	1.510	1.387	1.378	1.339	1.497	1.355	1.422	1.446	1.347	1.324	1.306	1.412	1.352	1.508	1.363	1.492	1.458	1.433	1.404	1.514	1.537	1.445	1.566	1.503	1.544	1.661	1.522	1.562	1.602	1.474	1.323	1.334	1.472	1.361	1.414	1.458	1.465	1.408	1.391	1.381	1.349	1.461	1.326	1.385	1.373	1.354	1.394	1.349	1.438	1.464	1.368	1.375	1.486	1.406
7:49:10	37.0	1.646	1.542	1.601	1.615	1.743	1.612	1.569	1.708	1.409	1.526	1.512	1.386	1.381	1.338	1.493	1.350	1.410	1.439	1.346	1.324	1.309	1.414	1.354	1.508	1.363	1.490	1.453	1.430	1.406	1.512	1.534	1.446	1.571	1.509	1.550	1.666	1.529	1.570	1.606	1.478	1.314	1.329	1.472	1.362	1.414	1.454	1.465	1.409	1.390	1.380	1.351	1.455	1.326	1.378	1.370	1.356	1.394	1.347	1.438	1.460	1.367	1.374	1.485	1.406
7:54:10	37.0	1.647	1.548	1.607	1.620	1.750	1.619	1.574	1.712	1.402	1.524	1.511	1.388	1.380	1.341	1.493	1.353	1.407	1.436	1.342	1.324	1.298	1.413	1.349	1.508	1.355	1.488	1.454	1.424	1.407	1.513	1.536	1.444	1.573	1.512	1.555	1.672	1.536	1.575	1.612	1.482	1.314	1.334	1.470	1.359	1.413	1.458	1.463	1.412	1.382	1.376	1.338	1.454	1.324	1.376	1.368	1.350	1.395	1.343	1.431	1.456	1.361	1.368	1.479	1.403
7:59:10	37.0	1.648	1.552	1.612	1.624	1.754	1.623	1.578	1.714	1.396	1.524	1.511	1.388	1.378	1.340	1.495	1.347	1.404	1.433	1.343	1.325	1.295	1.408	1.354	1.505	1.357	1.488	1.452	1.417	1.405	1.511	1.540	1.449	1.576	1.516	1.558	1.676	1.539	1.580	1.616	1.486	1.312	1.333	1.476	1.365	1.412	1.462	1.459	1.411	1.379	1.370	1.342	1.453	1.323	1.372	1.363	1.354	1.394	1.341	1.433	1.454	1.362	1.367	1.477	1.402
8:04:10	37.0	1.651	1.554	1.615	1.628	1.759	1.628	1.586	1.717	1.399	1.528	1.510	1.391	1.379	1.339	1.495	1.339	1.402	1.428	1.341	1.325	1.295	1.412	1.351	1.510	1.347	1.484	1.458	1.416	1.407	1.516	1.542	1.448	1.581	1.519	1.562	1.679	1.542	1.583	1.619	1.493	1.304	1.326	1.473	1.365	1.410	1.463	1.464	1.409	1.379	1.368	1.334	1.450	1.322	1.368	1.363	1.355	1.393	1.340	1.432	1.453	1.357	1.357	1.469	1.401
8:09:10	37.0	1.650	1.560	1.625	1.634	1.764	1.636	1.589	1.714	1.395	1.524	1.512	1.393	1.377	1.340	1.495	1.344	1.399	1.435	1.343	1.325	1.295	1.412	1.355	1.508	1.349	1.486	1.452	1.413	1.405	1.514	1.537	1.446	1.584	1.524	1.568	1.684	1.549	1.590	1.622	1.496	1.314	1.334	1.473	1.361	1.409	1.462	1.465	1.408	1.375	1.367	1.324	1.442	1.314	1.366	1.367	1.350	1.393	1.341	1.428	1.448	1.356	1.357	1.463	1.400
8:14:10	37.0	1.654	1.568	1.628	1.638	1.770	1.642	1.595	1.727	1.395	1.526	1.511	1.388	1.378	1.339	1.495	1.341	1.392	1.430	1.342	1.323	1.286	1.412	1.356	1.508	1.340	1.480	1.454	1.413	1.407	1.520	1.540	1.450	1.591	1.528	1.572	1.688	1.552	1.595	1.627	1.492	1.306	1.326	1.475	1.361	1.410	1.462	1.457	1.407	1.369	1.364	1.323	1.448	1.311	1.363	1.363	1.346	1.393	1.342	1.428	1.448	1.358	1.358	1.472	1.402
8:19:10	37.1	1.658	1.579	1.637	1.645	1.776	1.645	1.599	1.730	1.390	1.526	1.512	1.387	1.374	1.336	1.498	1.341	1.374	1.432	1.343	1.322	1.291	1.413	1.355	1.506	1.333	1.484	1.457	1.413	1.410	1.518	1.542	1.447	1.593	1.534	1.576	1.689	1.559	1.601	1.631	1.514	1.307	1.324	1.473	1.367	1.408	1.464	1.455	1.408	1.372	1.365	1.320	1.444	1.312	1.362	1.358	1.346	1.395	1.341	1.428	1.442	1.358	1.357	1.470	1.401
8:24:10	37.0	1.661	1.584	1.637	1.649	1.779	1.647	1.600	1.741	1.392	1.526	1.509	1.387	1.360	1.333	1.488	1.329	1.377	1.429	1.340	1.321	1.289	1.414	1.354	1.504	1.337	1.484	1.457	1.402	1.409	1.519	1.537	1.444	1.597	1.536	1.575	1.688	1.552	1.608	1.633	1.521	1.308	1.328	1.476	1.367	1.409	1.468	1.457	1.401	1.356	1.361	1.316	1.443	1.312	1.363	1.362	1.339	1.395	1.342	1.430	1.448	1.360	1.358	1.476	1.405
8:29:10	37.1	1.670	1.585	1.640	1.651	1.783	1.652	1.605	1.748	1.393	1.527	1.509	1.391	1.373	1.338	1.494	1.341	1.377	1.432	1.344	1.322	1.288	1.414	1.356	1.503	1.336	1.478	1.461	1.408	1.409	1.519	1.543	1.446	1.589	1.538	1.583	1.691	1.551	1.615	1.640	1.526	1.304	1.327	1.475	1.367	1.407	1.467	1.458	1.403	1.359	1.363	1.320	1.441	1.311	1.362	1.365	1.339	1.394	1.343	1.429	1.439	1.358	1.356	1.470	1.403
8:34:10	37.0	1.675	1.590	1.643	1.653	1.786	1.655	1.610	1.756	1.392	1.522	1.510	1.389	1.369	1.338	1.490	1.333	1.374	1.433	1.344	1.322	1.291	1.413	1.359	1.503	1.336	1.483	1.459	1.405	1.411	1.523	1.546	1.446	1.587	1.546	1.583	1.693	1.555	1.610	1.636	1.532	1.303	1.322	1.478	1.369	1.409	1.468	1.457	1.401	1.356	1.359	1.316	1.443	1.312	1.358	1.361	1.338	1.397	1.343	1.430	1.441	1.361	1.357	1.473	1.407
8:39:10	37.0	1.677	1.600	1.649	1.656	1.790	1.661	1.618	1.758	1.388	1.523	1.511	1.390	1.369	1.338	1.494	1.343	1.371	1.427	1.342	1.321	1.292	1.417	1.362	1.501	1.334	1.475	1.460	1.406	1.411	1.520	1.545	1.447	1.593	1.547	1.581	1.694	1.558	1.613	1.634	1.534	1.302	1.323	1.476	1.373	1.407	1.470	1.457	1.404	1.357	1.359	1.315	1.449	1.309	1.364	1.360	1.341	1.398	1.344	1.428	1.435	1.359	1.356	1.472	1.404
8:44:10	37.0	1.677	1.603	1.654	1.663	1.793	1.662	1.621	1.761	1.389	1.523	1.511	1.385	1.367	1.339	1.490	1.339	1.371	1.428	1.339	1.321	1.289	1.411	1.359	1.497	1.335	1.473	1.462	1.409	1.414	1.519	1.546	1.440	1.599	1.547	1.581	1.697	1.564	1.619	1.631	1.539	1.302	1.319	1.476	1.370	1.407	1.473	1.458	1.403	1.358	1.357	1.316	1.442	1.312	1.360	1.361	1.337	1.398	1.344	1.429	1.435	1.360	1.357	1.473	1.406
8:49:10	37.0	1.674	1.605	1.653	1.665	1.795	1.664	1.624	1.761	1.390	1.520	1.507	1.388	1.365	1.336	1.490	1.339	1.371	1.428	1.336	1.320	1.291	1.417	1.360	1.493	1.335	1.473	1.465	1.403	1.413	1.522	1.544	1.436	1.607	1.550	1.587	1.703	1.574	1.630	1.631	1.548	1.301	1.320	1.474	1.373	1.410	1.470	1.459	1.403	1.355	1.359	1.310	1.442	1.310	1.361	1.361	1.335	1.400	1.346	1.430	1.438	1.361	1.359	1.475	1.407
8:54:10	37.1	1.678	1.605	1.651	1.666	1.795	1.666	1.626	1.762	1.389	1.526	1.508	1.391	1.373	1.342	1.493	1.343	1.369	1.427	1.335	1.322	1.295	1.416	1.364	1.493	1.335	1.468	1.464	1.409	1.415	1.525	1.550	1.437	1.618	1.553	1.589	1.707	1.576	1.628	1.638	1.551	1.300	1.317	1.475	1.369	1.410	1.472	1.455	1.404	1.352	1.356	1.312	1.447	1.313	1.358	1.360	1.333	1.401	1.346	1.432	1.437	1.362	1.361	1.477	1.409
8:59:10	37.0	1.685	1.609	1.655	1.667	1.796	1.669	1.629	1.765	1.386	1.525	1.509	1.391	1.365	1.343	1.491	1.344	1.365	1.431	1.339	1.319	1.296	1.419	1.362	1.496	1.334	1.472	1.467	1.404	1.415	1.525	1.550	1.440	1.622	1.565	1.595	1.714	1.580	1.631	1.644	1.550	1.299	1.317	1.475	1.373	1.409	1.473	1.459	1.406	1.352	1.358	1.311	1.445	1.310	1.358	1.357	1.334	1.401	1.347	1.432	1.438	1.363	1.362	1.478	1.409
9:04:10	37.0	1.689	1.613	1.661	1.671	1.801	1.675	1.634	1.770	1.388	1.521	1.512	1.390	1.365	1.342	1.492	1.348	1.366	1.426	1.334	1.321	1.296	1.415	1.361	1.498	1.333	1.470	1.466	1.407	1.415	1.528	1.548	1.437	1.622	1.565	1.599	1.716	1.586	1.638	1.649	1.549	1.301	1.315	1.472	1.373	1.410	1.471	1.459	1.408	1.352	1.356	1.308	1.439	1.311	1.361	1.355	1.335	1.405	1.347	1.435	1.440	1.365	1.362	1.478	1.410
9:09:10	37.0	1.690	1.617	1.664	1.673	1.803	1.673	1.631	1.768	1.387	1.521	1.511	1.387	1.360	1.337	1.483	1.344	1.364	1.425	1.329	1.321	1.291	1.415	1.360	1.490	1.330	1.472	1.466	1.402	1.416	1.527	1.546	1.431	1.632	1.567	1.603	1.718	1.585	1.641	1.650	1.566	1.299	1.310	1.474	1.375	1.408	1.475	1.461	1.406	1.351	1.362	1.306	1.440	1.309	1.358	1.357	1.331	1.404	1.348	1.437	1.440	1.368	1.365	1.480	1.416
9:14:10	37.0	1.696	1.620	1.669	1.679	1.806	1.670	1.631	1.770	1.383	1.519	1.510	1.389	1.354	1.335	1.481	1.347	1.360	1.431	1.328	1.318	1.292	1.417	1.361	1.491	1.328	1.475	1.468	1.403	1.418	1.528	1.545	1.430	1.632	1.577	1.606	1.722	1.587	1.645	1.660	1.573	1.296	1.308	1.472	1.372	1.409	1.473	1.459	1.406	1.350	1.357	1.307	1.436	1.307	1.355	1.352	1.329	1.404	1.348	1.437	1.441	1.369	1.366	1.482	1.417
9:19:10	37.0	1.701	1.624	1.671	1.682	1.809	1.673	1.633	1.775	1.385	1.517	1.509	1.388	1.356	1.335	1.481	1.348	1.359	1.427	1.325	1.320	1.290	1.414	1.361	1.492	1.327	1.471	1.473	1.403	1.416	1.530	1.544	1.430	1.639	1.577	1.610	1.725	1.594	1.648	1.663	1.577	1.298	1.310	1.471	1.376	1.409	1.474	1.459	1.409	1.349	1.349	1.306	1.436	1.309	1.358	1.353	1.330	1.405	1.351	1.439	1.443	1.372	1.367	1.483	1.419
9:24:10	37.0	1.704	1.627	1.670	1.684	1.810	1.672	1.638	1.776	1.386	1.520	1.509	1.388	1.359	1.339	1.485	1.349	1.360	1.428	1.327	1.322	1.294	1.416	1.365	1.493	1.326	1.471	1.469	1.403	1.417	1.528	1.545	1.435	1.645	1.580	1.614	1.728	1.597	1.651	1.669	1.580	1.298	1.309	1.472	1.372	1.409	1.471	1.458	1.409	1.349	1.349	1.306	1.437	1.308	1.358	1.351	1.330	1.403	1.349	1.439	1.442	1.371	1.367	1.483	1.420
9:29:10	37.0	1.709	1.630	1.675	1.688	1.812	1.676	1.635	1.776	1.382	1.515	1.510	1.388	1.353	1.340	1.482	1.353	1.355	1.427	1.327	1.320	1.290	1.417	1.367	1.494	1.324	1.471	1.472	1.402	1.417	1.531	1.550	1.434	1.647	1.586	1.618	1.732	1.599	1.654	1.676	1.581	1.297	1.311	1.470	1.374	1.407	1.475	1.457	1.408	1.346	1.347	1.306	1.436	1.311	1.358	1.352	1.330	1.405	1.349	1.438	1.440	1.371	1.366	1.483	1.420
9:34:10	37.0	1.713	1.632	1.675	1.689	1.813	1.673	1.639	1.782	1.385	1.520	1.509	1.388	1.361	1.339	1.484	1.352	1.356	1.423	1.326	1.319	1.287	1.416	1.364	1.492	1.323	1.470	1.473	1.407	1.419	1.533	1.546	1.435	1.651	1.588	1.622	1.733	1.603	1.659	1.678	1.588	1.298	1.306	1.474	1.375	1.408	1.475	1.458	1.408	1.345	1.345	1.306	1.434	1.311	1.359	1.352	1.329	1.404	1.350	1.439	1.442	1.372	1.369	1.484	1.423
9:39:10	37.0	1.715	1.633	1.679	1.692	1.816	1.680	1.642	1.788	1.386	1.519	1.509	1.388	1.356	1.338	1.482	1.355	1.356	1.427	1.326	1.321	1.286	1.417	1.363	1.494	1.323	1.468	1.470	1.406	1.420	1.532	1.549	1.435	1.659	1.589	1.625	1.738	1.606	1.659	1.681	1.589	1.296	1.311	1.471	1.371	1.408	1.473	1.459	1.410	1.345	1.346	1.306	1.433	1.311	1.359	1.350	1.331	1.406	1.350	1.439	1.443	1.373	1.368	1.484	1.424
9:44:10	37.0	1.719	1.636	1.678	1.694	1.817	1.680	1.643	1.788	1.385	1.514	1.512	1.391	1.357	1.337	1.482	1.357	1.355	1.423	1.327	1.321	1.290	1.419	1.368	1.495	1.322	1.469	1.468	1.406	1.422	1.533	1.552	1.439	1.662	1.593	1.630	1.741	1.611	1.665	1.686	1.592	1.297	1.310	1.470	1.369	1.408	1.474	1.458	1.410	1.345	1.345	1.306	1.434	1.313	1.361	1.353	1.331	1.404	1.349	1.439	1.442	1.373	1.369	1.486	1.425
9:49:10	37.1	1.723	1.639	1.683	1.697	1.819	1.681	1.646	1.793	1.385	1.520	1.512	1.390	1.359	1.340	1.484	1.358	1.355	1.423	1.330	1.320	1.286	1.419	1.366	1.495	1.321	1.469	1.471	1.407	1.423	1.536	1.550	1.438	1.668	1.596	1.636	1.744	1.615	1.668	1.688	1.594	1.299	1.308	1.470	1.368	1.406	1.476	1.458	1.409	1.345	1.344	1.306	1.435	1.313	1.362	1.353	1.330	1.403	1.349	1.439	1.443	1.374	1.370	1.486	1.426
9:54:10	37.0	1.726	1.642	1.681	1.698	1.820	1.687	1.651	1.797	1.385	1.508	1.505	1.385	1.351	1.333	1.478	1.360	1.356	1.415	1.326	1.322	1.283	1.418	1.365	1.498	1.322	1.466	1.474	1.410	1.424	1.534	1.546	1.440	1.674	1.599	1.637	1.746	1.616	1.671	1.689	1.598	1.299	1.313	1.472	1.371	1.407	1.473	1.458	1.409	1.346	1.345	1.306	1.435	1.314	1.362	1.353	1.333	1.407	1.352	1.440	1.446	1.377	1.375	1.489	1.429
9:59:10	37.0	1.729	1.644	1.683	1.699	1.822	1.687	1.653	1.801	1.385	1.511	1.510	1.385	1.354	1.337	1.481	1.361	1.357	1.419	1.327	1.320	1.288	1.419	1.364	1.498	1.323	1.465	1.472	1.409	1.424	1.535	1.550	1.441	1.678	1.601	1.642	1.749	1.621	1.675	1.692	1.601	1.300	1.310	1.469	1.371	1.406	1.474	1.461	1.410	1.345	1.343	1.308	1.436	1.315	1.364	1.353	1.335	1.405	1.352	1.440	1.447	1.375	1.374	1.490	1.431
10:04:10	37.0	1.732	1.646	1.685	1.701	1.823	1.687	1.654	1.802	1.386	1.506	1.505	1.383	1.348	1.332	1.476	1.360	1.357	1.413	1.320	1.323	1.282	1.417	1.363	1.496	1.323	1.462	1.473	1.409	1.424	1.536	1.547	1.440	1.683	1.605	1.645	1.752	1.624	1.677	1.694	1.604	1.300	1.311	1.469	1.372	1.404	1.473	1.460	1.409	1.346	1.345	1.308	1.437	1.317	1.366	1.353	1.335	1.405	1.354	1.441	1.448	1.377	1.376	1.492	1.432
10:09:10	37.0	1.736	1.648	1.691	1.707	1.827	1.693	1.657	1.808	1.387	1.511	1.505	1.381	1.350	1.331	1.475	1.361	1.358	1.417	1.322	1.322	1.282	1.414	1.360	1.496	1.324	1.464	1.474	1.410	1.424	1.533	1.544	1.442	1.687	1.607	1.647	1.754	1.625	1.679	1.695	1.609	1.302	1.312	1.470	1.367	1.406	1.472	1.458	1.410	1.346	1.344	1.308	1.437	1.317	1.367	1.353	1.337	1.407	1.355	1.442	1.450	1.379	1.379	1.494	1.435
10:14:10	37.0	1.737	1.649	1.692	1.705	1.826	1.695	1.658	1.806	1.385	1.509	1.504	1.383	1.347	1.329	1.474	1.361	1.356	1.413	1.321	1.322	1.282	1.417	1.360	1.496	1.324	1.463	1.471	1.411	1.425	1.534	1.546	1.443	1.694	1.610	1.649	1.760	1.631	1.685	1.698	1.608	1.300	1.310	1.469	1.369	1.402	1.472	1.464	1.411	1.345	1.343	1.309	1.437	1.318	1.367	1.355	1.338	1.405	1.352	1.440	1.448	1.376	1.377	1.493	1.435
10:19:10	37.1	1.742	1.650	1.693	1.705	1.824	1.695	1.662	1.809	1.387	1.512	1.507	1.383	1.356	1.336	1.481	1.364	1.357	1.416	1.327	1.324	1.287	1.418	1.366	1.498	1.324	1.460	1.470	1.413	1.425	1.536	1.551	1.446	1.698	1.610	1.655	1.764	1.637	1.690	1.702	1.612	1.300	1.312	1.471	1.373	1.405	1.472	1.462	1.412	1.346	1.345	1.311	1.438	1.320	1.369	1.357	1.339	1.404	1.352	1.440	1.448	1.376	1.377	1.495	1.434
10:24:10	37.0	1.743	1.654	1.695	1.709	1.829	1.699	1.664	1.812	1.387	1.507	1.506	1.379	1.349	1.329	1.476	1.363	1.358	1.415	1.319	1.323	1.282	1.415	1.357	1.495	1.326	1.461	1.472	1.414	1.426	1.536	1.546	1.442	1.702	1.614	1.653	1.763	1.631	1.690	1.703	1.615	1.303	1.314	1.468	1.371	1.404	1.474	1.462	1.411	1.347	1.345	1.310	1.438	1.320	1.370	1.355	1.342	1.406	1.354	1.440	1.449	1.378	1.380	1.496	1.436
10:29:10	37.0	1.748	1.655	1.698	1.704	1.823	1.699	1.666	1.813	1.387	1.514	1.506	1.384	1.357	1.337	1.483	1.367	1.360	1.416	1.328	1.326	1.284	1.420	1.365	1.500	1.328	1.460	1.475	1.414	1.425	1.537	1.553	1.450	1.705	1.617	1.659	1.766	1.640	1.697	1.706	1.617	1.303	1.315	1.469	1.371	1.405	1.474	1.463	1.414	1.348	1.345	1.314	1.439	1.321	1.372	1.354	1.345	1.406	1.353	1.440	1.450	1.379	1.381	1.498	1.437
10:34:10	37.0	1.751	1.657	1.703	1.709	1.823	1.700	1.669	1.815	1.386	1.513	1.508	1.385	1.357	1.335	1.483	1.366	1.360	1.417	1.325	1.324	1.285	1.416	1.362	1.498	1.328	1.458	1.474	1.414	1.425	1.538	1.552	1.448	1.709	1.619	1.660	1.766	1.639	1.700	1.708	1.621	1.306	1.315	1.469	1.371	1.405	1.476	1.464	1.413	1.349	1.346	1.315	1.441	1.323	1.373	1.355	1.347	1.405	1.352	1.440	1.449	1.376	1.379	1.499	1.438
10:39:10	37.0	1.754	1.657	1.705	1.710	1.825	1.707	1.674	1.821	1.388	1.512	1.505	1.382	1.361	1.336	1.485	1.369	1.361	1.415	1.323	1.325	1.286	1.420	1.365	1.499	1.331	1.461	1.474	1.414	1.425	1.538	1.553	1.450	1.711	1.620	1.663	1.770	1.645	1.703	1.711	1.623	1.305	1.314	1.471	1.371	1.407	1.476	1.463	1.415	1.350	1.347	1.317	1.442	1.324	1.374	1.356	1.351	1.407	1.353	1.440	1.450	1.379	1.381	1.500	1.439
10:44:10	37.1	1.754	1.661	1.710	1.713	1.826	1.706	1.675	1.817	1.387	1.508	1.503	1.382	1.355	1.333	1.481	1.366	1.361	1.414	1.319	1.325	1.282	1.417	1.361	1.497	1.331	1.454	1.476	1.415	1.424	1.537	1.550	1.446	1.716	1.624	1.667	1.774	1.650	1.709	1.713	1.626	1.306	1.318	1.471	1.371	1.405	1.475	1.465	1.414	1.350	1.347	1.318	1.444	1.326	1.375	1.357	1.351	1.406	1.352	1.438	1.449	1.377	1.381	1.500	1.438
10:49:10	37.0	1.757	1.667	1.712	1.717	1.831	1.710	1.675	1.819	1.386	1.507	1.496	1.377	1.354	1.329	1.480	1.362	1.360	1.412	1.317	1.321	1.277	1.410	1.354	1.492	1.331	1.454	1.476	1.416	1.422	1.534	1.546	1.443	1.720	1.627	1.668	1.775	1.651	1.711	1.714	1.629	1.309	1.317	1.471	1.372	1.406	1.474	1.464	1.413	1.351	1.349	1.318	1.444	1.326	1.376	1.359	1.351	1.407	1.354	1.438	1.448	1.379	1.382	1.501	1.437
10:54:10	37.0	1.760	1.668	1.716	1.721	1.831	1.713	1.680	1.821	1.387	1.513	1.502	1.379	1.359	1.333	1.485	1.367	1.362	1.417	1.323	1.324	1.283	1.418	1.362	1.497	1.333	1.452	1.475	1.415	1.424	1.538	1.552	1.451	1.722	1.628	1.672	1.779	1.655	1.713	1.717	1.630	1.308	1.321	1.471	1.373	1.406	1.476	1.465	1.416	1.352	1.350	1.320	1.445	1.327	1.377	1.359	1.355	1.409	1.354	1.437	1.449	1.379	1.382	1.501	1.438
10:59:10	37.0	1.762	1.672	1.720	1.725	1.832	1.714	1.681	1.821	1.387	1.510	1.498	1.378	1.357	1.330	1.483	1.363	1.362	1.414	1.317	1.322	1.278	1.410	1.358	1.493	1.334	1.450	1.475	1.417	1.421	1.536	1.548	1.446	1.725	1.631	1.672	1.778	1.653	1.716	1.717	1.634	1.308	1.318	1.471	1.375	1.406	1.477	1.467	1.415	1.353	1.351	1.319	1.445	1.328	1.379	1.360	1.355	1.409	1.356	1.437	1.450	1.381	1.385	1.503	1.439
11:04:10	37.0	1.764	1.672	1.721	1.726	1.833	1.715	1.684	1.823	1.387	1.512	1.496	1.375	1.361	1.330	1.485	1.366	1.362	1.416	1.321	1.324	1.279	1.415	1.363	1.499	1.337	1.447	1.477	1.414	1.424	1.539	1.550	1.452	1.729	1.633	1.677	1.785	1.661	1.720	1.722	1.634	1.311	1.321	1.474	1.377	1.408	1.478	1.468	1.417	1.354	1.352	1.322	1.446	1.329	1.380	1.363	1.358	1.409	1.355	1.436	1.449	1.380	1.385	1.504	1.439
11:09:10	37.0	1.766	1.674	1.725	1.730	1.836	1.721	1.689	1.824	1.388	1.511	1.496	1.377	1.360	1.332	1.486	1.367	1.363	1.418	1.323	1.323	1.283	1.415	1.364	1.499	1.337	1.447	1.474	1.413	1.423	1.539	1.554	1.453	1.733	1.636	1.680	1.785	1.663	1.724	1.726	1.638	1.312	1.323	1.475	1.378	1.409	1.479	1.468	1.419	1.355	1.354	1.322	1.448	1.331	1.381	1.362	1.360	1.407	1.353	1.433	1.450	1.377	1.384	1.502	1.438
11:14:10	37.0	1.770	1.681	1.728	1.733	1.839	1.722	1.691	1.826	1.389	1.514	1.498	1.380	1.363	1.335	1.487	1.366	1.366	1.418	1.323	1.323	1.283	1.415	1.363	1.498	1.341	1.450	1.477	1.412	1.425	1.541	1.553	1.452	1.733	1.637	1.681	1.785	1.662	1.725	1.727	1.642	1.314	1.320	1.475	1.378	1.410	1.481	1.470	1.422	1.357	1.355	1.323	1.448	1.331	1.380	1.363	1.363	1.409	1.355	1.434	1.453	1.381	1.385	1.505	1.440
11:19:10	37.0	1.773	1.685	1.734	1.741	1.846	1.725	1.692	1.826	1.389	1.513	1.495	1.378	1.362	1.333	1.486	1.362	1.365	1.417	1.321	1.322	1.280	1.412	1.363	1.497	1.341	1.445	1.476	1.416	1.422	1.540	1.553	1.450	1.736	1.640	1.682	1.786	1.664	1.727	1.730	1.645	1.315	1.322	1.476	1.381	1.413	1.481	1.473	1.422	1.357	1.355	1.322	1.448	1.333	1.382	1.365	1.362	1.407	1.353	1.435	1.455	1.379	1.386	1.508	1.442
11:24:10	37.0	1.773	1.684	1.734	1.738	1.843	1.726	1.694	1.829	1.388	1.511	1.494	1.376	1.364	1.333	1.489	1.363	1.364	1.418	1.322	1.320	1.278	1.411	1.363	1.496	1.344	1.449	1.477	1.416	1.420	1.538	1.552	1.453	1.740	1.642	1.684	1.787	1.667	1.731	1.732	1.647	1.309	1.327	1.479	1.381	1.415	1.482	1.474	1.425	1.357	1.355	1.325	1.450	1.333	1.383	1.366	1.363	1.407	1.352	1.437	1.458	1.378	1.386	1.511	1.443
11:29:10	37.1	1.777	1.688	1.740	1.745	1.847	1.729	1.697	1.830	1.388	1.514	1.496	1.380	1.363	1.335	1.490	1.363	1.365	1.419	1.324	1.324	1.282	1.415	1.367	1.498	1.344	1.447	1.476	1.415	1.423	1.542	1.556	1.457	1.741	1.645	1.686	1.787	1.670	1.734	1.735	1.651	1.317	1.325	1.482	1.385	1.416	1.484	1.474	1.432	1.358	1.355	1.324	1.452	1.335	1.384	1.367	1.365	1.405	1.350	1.439	1.460	1.377	1.386	1.512	1.444
11:34:10	37.0	1.779	1.689	1.742	1.746	1.849	1.736	1.700	1.835	1.389	1.518	1.498	1.381	1.368	1.339	1.493	1.371	1.368	1.423	1.328	1.323	1.286	1.418	1.370	1.503	1.346	1.449	1.476	1.416	1.426	1.542	1.557	1.462	1.741	1.645	1.689	1.789	1.670	1.732	1.735	1.652	1.317	1.328	1.481	1.385	1.418	1.485	1.475	1.440	1.361	1.359	1.326	1.452	1.335	1.385	1.367	1.371	1.406	1.351	1.440	1.463	1.380	1.392	1.512	1.444
11:39:10	37.0	1.779	1.690	1.744	1.748	1.855	1.736	1.699	1.834	1.388	1.513	1.493	1.378	1.365	1.338	1.492	1.363	1.368	1.420	1.324	1.318	1.281	1.412	1.366	1.500	1.348	1.454	1.479	1.419	1.420	1.537	1.552	1.457	1.746	1.646	1.687	1.786	1.671	1.737	1.738	1.654	1.312	1.331	1.484	1.387	1.421	1.485	1.478	1.437	1.361	1.358	1.328	1.454	1.338	1.386	1.369	1.368	1.403	1.350	1.443	1.466	1.379	1.394	1.518	1.445
11:44:10	37.0	1.781	1.691	1.744	1.746	1.849	1.737	1.702	1.838	1.390	1.516	1.496	1.381	1.369	1.341	1.495	1.371	1.369	1.425	1.330	1.323	1.287	1.419	1.372	1.506	1.349	1.456	1.472	1.422	1.428	1.542	1.559	1.468	1.747	1.650	1.692	1.788	1.675	1.739	1.741	1.654	1.315	1.334	1.488	1.393	1.425	1.488	1.478	1.444	1.364	1.360	1.329	1.456	1.340	1.388	1.371	1.373	1.405	1.350	1.444	1.469	1.380	1.397	1.519	1.446
11:49:10	37.0	1.784	1.697	1.750	1.755	1.855	1.741	1.700	1.835	1.389	1.516	1.498	1.383	1.368	1.341	1.495	1.371	1.370	1.424	1.332	1.325	1.287	1.421	1.372	1.506	1.348	1.455	1.475	1.422	1.429	1.546	1.562	1.470	1.747	1.652	1.692	1.786	1.675	1.741	1.741	1.659	1.322	1.334	1.490	1.395	1.427	1.490	1.479	1.448	1.365	1.361	1.329	1.457	1.342	1.390	1.373	1.376	1.405	1.351	1.444	1.471	1.381	1.402	1.522	1.448
11:54:10	37.1	1.784	1.698	1.746	1.751	1.855	1.744	1.707	1.839	1.392	1.517	1.498	1.383	1.371	1.343	1.496	1.369	1.373	1.426	1.331	1.323	1.287	1.418	1.371	1.506	1.351	1.460	1.479	1.428	1.428	1.543	1.560	1.471	1.747	1.651	1.691	1.786	1.677	1.742	1.740	1.661	1.319	1.338	1.494	1.400	1.432	1.493	1.483	1.453	1.369	1.362	1.330	1.458	1.343	1.391	1.374	1.378	1.409	1.355	1.448	1.478	1.388	1.410	1.527	1.450
11:59:10	37.0	1.789	1.703	1.754	1.758	1.854	1.744	1.708	1.840	1.392	1.519	1.503	1.387	1.372	1.345	1.500	1.373	1.373	1.427	1.335	1.326	1.292	1.424	1.376	1.510	1.347	1.459	1.477	1.424	1.431	1.549	1.566	1.481	1.750	1.653	1.694	1.789	1.680	1.747	1.745	1.661	1.325	1.343	1.497	1.402	1.434	1.495	1.482	1.456	1.369	1.363	1.332	1.460	1.346	1.393	1.377	1.380	1.404	1.355	1.447	1.477	1.386	1.411	1.527	1.451
12:04:10	37.1	1.788	1.701	1.749	1.756	1.856	1.750	1.711	1.841	1.393	1.518	1.500	1.386	1.372	1.346	1.501	1.372	1.374	1.428	1.335	1.325	1.291	1.422	1.376	1.510	1.349	1.462	1.481	1.431	1.431	1.547	1.565	1.482	1.750	1.655	1.694	1.785	1.681	1.745	1.745	1.661	1.329	1.346	1.499	1.406	1.438	1.499	1.487	1.461	1.373	1.365	1.333	1.461	1.347	1.395	1.378	1.382	1.410	1.360	1.451	1.482	1.393	1.418	1.532	1.452
12:09:10	37.0	1.790	1.705	1.753	1.759	1.860	1.750	1.715	1.841	1.394	1.518	1.503	1.389	1.374	1.349	1.503	1.371	1.376	1.429	1.336	1.326	1.292	1.424	1.377	1.511	1.347	1.466	1.478	1.432	1.433	1.550	1.567	1.487	1.751	1.656	1.693	1.782	1.682	1.747	1.747	1.662	1.333	1.349	1.502	1.410	1.440	1.501	1.488	1.461	1.374	1.365	1.334	1.462	1.350	1.397	1.380	1.384	1.411	1.363	1.452	1.484	1.398	1.423	1.536	1.457
12:14:10	37.0	1.792	1.708	1.756	1.763	1.863	1.754	1.716	1.843	1.396	1.519	1.506	1.391	1.377	1.351	1.503	1.374	1.377	1.429	1.340	1.329	1.295	1.427	1.380	1.512	1.351	1.469	1.480	1.434	1.434	1.552	1.571	1.492	1.752	1.659	1.696	1.784	1.685	1.748	1.748	1.660	1.336	1.355	1.508	1.415	1.445	1.504	1.491	1.465	1.375	1.366	1.337	1.464	1.352	1.399	1.383	1.386	1.413	1.365	1.454	1.489	1.400	1.426	1.537	1.458
12:19:10	37.0	1.792	1.708	1.757	1.764	1.864	1.753	1.715	1.843	1.398	1.520	1.507	1.391	1.378	1.350	1.502	1.371	1.377	1.429	1.337	1.327	1.293	1.425	1.379	1.510	1.351	1.469	1.482	1.436	1.435	1.554	1.573	1.494	1.753	1.659	1.697	1.782	1.687	1.753	1.750	1.666	1.339	1.355	1.508	1.418	1.449	1.507	1.496	1.468	1.377	1.365	1.337	1.464	1.353	1.402	1.384	1.385	1.415	1.369	1.458	1.494	1.405	1.429	1.544	1.462
12:24:10	37.0	1.791	1.708	1.756	1.763	1.864	1.752	1.717	1.845	1.403	1.519	1.508	1.393	1.379	1.350	1.503	1.373	1.378	1.429	1.339	1.330	1.294	1.425	1.380	1.512	1.359	1.473	1.481	1.438	1.437	1.556	1.575	1.499	1.755	1.662	1.701	1.786	1.691	1.757	1.753	1.667	1.343	1.367	1.516	1.425	1.454	1.512	1.500	1.473	1.375	1.366	1.340	1.465	1.354	1.404	1.385	1.385	1.416	1.370	1.461	1.499	1.407	1.432	1.547	1.462
12:29:10	37.0	1.794	1.714	1.763	1.770	1.872	1.760	1.721	1.846	1.401	1.518	1.509	1.394	1.379	1.351	1.502	1.369	1.377	1.428	1.337	1.331	1.293	1.426	1.380	1.509	1.354	1.477	1.480	1.438	1.437	1.557	1.577	1.500	1.755	1.664	1.702	1.785	1.694	1.760	1.755	1.677	1.347	1.365	1.515	1.423	1.458	1.516	1.505	1.475	1.377	1.363	1.341	1.466	1.354	1.405	1.386	1.385	1.421	1.372	1.466	1.505	1.410	1.436	1.551	1.466
12:34:10	37.0	1.793	1.713	1.760	1.769	1.871	1.759	1.724	1.849	1.403	1.520	1.510	1.395	1.383	1.353	1.506	1.373	1.379	1.430	1.341	1.333	1.296	1.427	1.381	1.511	1.368	1.479	1.481	1.444	1.440	1.560	1.582	1.505	1.756	1.665	1.707	1.788	1.696	1.761	1.756	1.679	1.353	1.369	1.524	1.432	1.461	1.518	1.511	1.480	1.380	1.366	1.343	1.468	1.358	1.409	1.387	1.386	1.424	1.375	1.470	1.509	1.415	1.441	1.558	1.471
12:39:10	37.0	1.794	1.715	1.764	1.772	1.874	1.764	1.730	1.853	1.406	1.518	1.514	1.401	1.384	1.356	1.507	1.376	1.381	1.429	1.343	1.332	1.298	1.428	1.384	1.513	1.367	1.484	1.485	1.449	1.443	1.563	1.586	1.510	1.754	1.666	1.708	1.790	1.698	1.760	1.757	1.683	1.361	1.374	1.526	1.436	1.466	1.524	1.517	1.487	1.382	1.368	1.345	1.469	1.360	1.410	1.390	1.387	1.432	1.379	1.475	1.513	1.419	1.446	1.561	1.474
12:44:10	37.0	1.794	1.714	1.766	1.773	1.876	1.766	1.732	1.854	1.405	1.523	1.520	1.404	1.386	1.358	1.507	1.375	1.379	1.432	1.345	1.337	1.298	1.430	1.384	1.510	1.372	1.487	1.487	1.447	1.443	1.565	1.587	1.512	1.755	1.666	1.709	1.789	1.700	1.764	1.754	1.691	1.363	1.380	1.530	1.442	1.471	1.528	1.522	1.489	1.384	1.367	1.345	1.470	1.361	1.412	1.391	1.387	1.434	1.383	1.480	1.523	1.423	1.452	1.570	1.480
12:49:10	37.1	1.792	1.715	1.772	1.777	1.878	1.770	1.737	1.857	1.406	1.523	1.519	1.403	1.386	1.358	1.508	1.378	1.380	1.431	1.348	1.336	1.300	1.430	1.386	1.511	1.384	1.492	1.496	1.453	1.449	1.567	1.589	1.515	1.752	1.666	1.710	1.791	1.700	1.765	1.753	1.698	1.375	1.382	1.533	1.449	1.475	1.533	1.528	1.498	1.385	1.370	1.347	1.472	1.363	1.413	1.394	1.389	1.439	1.387	1.486	1.529	1.427	1.459	1.575	1.486
12:54:10	37.0	1.792	1.715	1.769	1.776	1.877	1.770	1.739	1.859	1.408	1.526	1.521	1.406	1.391	1.361	1.513	1.387	1.381	1.433	1.352	1.338	1.303	1.434	1.389	1.515	1.393	1.496	1.500	1.458	1.451	1.572	1.593	1.522	1.750	1.667	1.711	1.790	1.700	1.768	1.753	1.702	1.377	1.386	1.538	1.452	1.478	1.540	1.533	1.503	1.387	1.372	1.351	1.474	1.366	1.417	1.396	1.392	1.444	1.391	1.492	1.537	1.432	1.465	1.584	1.492
12:59:10	37.0	1.791	1.715	1.769	1.776	1.877	1.768	1.736	1.860	1.409	1.528	1.527	1.411	1.393	1.365	1.514	1.388	1.379	1.433	1.354	1.341	1.304	1.438	1.392	1.514	1.390	1.501	1.500	1.459	1.451	1.574	1.598	1.523	1.756	1.671	1.717	1.795	1.706	1.770	1.758	1.706	1.382	1.395	1.546	1.461	1.485	1.545	1.541	1.504	1.385	1.372	1.352	1.475	1.366	1.417	1.397	1.390	1.446	1.396	1.498	1.548	1.435	1.471	1.588	1.493
13:04:10	37.0	1.792	1.717	1.774	1.782	1.883	1.775	1.743	1.862	1.413	1.526	1.527	1.410	1.391	1.366	1.514	1.385	1.378	1.432	1.353	1.340	1.302	1.434	1.390	1.512	1.397	1.506	1.505	1.464	1.457	1.577	1.601	1.529	1.756	1.669	1.717	1.797	1.704	1.772	1.760	1.714	1.390	1.399	1.548	1.465	1.489	1.544	1.548	1.518	1.388	1.373	1.352	1.475	1.367	1.417	1.399	1.389	1.451	1.399	1.504	1.550	1.443	1.475	1.594	1.499
13:09:10	37.0	1.794	1.720	1.775	1.783	1.883	1.777	1.744	1.864	1.413	1.531	1.532	1.416	1.394	1.372	1.518	1.390	1.378	1.436	1.357	1.341	1.305	1.437	1.391	1.516	1.399	1.512	1.508	1.469	1.461	1.583	1.605	1.532	1.760	1.672	1.720	1.800	1.706	1.772	1.759	1.718	1.398	1.403	1.551	1.471	1.495	1.554	1.550	1.518	1.388	1.375	1.354	1.478	1.370	1.421	1.402	1.391	1.457	1.405	1.510	1.556	1.448	1.482	1.600	1.506
13:14:10	37.0	1.793	1.720	1.774	1.781	1.883	1.775	1.744	1.867	1.413	1.533	1.538	1.422	1.401	1.377	1.524	1.400	1.375	1.438	1.362	1.349	1.310	1.444	1.396	1.521	1.410	1.515	1.511	1.474	1.462	1.581	1.608	1.536	1.766	1.677	1.724	1.804	1.710	1.774	1.759	1.718	1.401	1.406	1.560	1.477	1.500	1.563	1.557	1.524	1.385	1.378	1.358	1.479	1.372	1.423	1.403	1.392	1.460	1.411	1.515	1.564	1.451	1.488	1.604	1.508
13:19:10	37.0	1.795	1.720	1.774	1.782	1.884	1.778	1.747	1.870	1.418	1.536	1.542	1.427	1.408	1.381	1.528	1.407	1.375	1.439	1.365	1.350	1.314	1.445	1.399	1.529	1.414	1.524	1.518	1.482	1.468	1.589	1.611	1.539	1.765	1.677	1.725	1.808	1.709	1.772	1.757	1.723	1.411	1.411	1.564	1.481	1.502	1.564	1.567	1.529	1.386	1.383	1.359	1.482	1.374	1.425	1.405	1.394	1.466	1.417	1.521	1.571	1.457	1.495	1.611	1.518
13:24:10	37.0	1.794	1.721	1.778	1.787	1.887	1.782	1.750	1.871	1.420	1.540	1.544	1.429	1.409	1.381	1.530	1.411	1.375	1.438	1.366	1.350	1.315	1.445	1.399	1.528	1.419	1.527	1.522	1.487	1.474	1.597	1.619	1.544	1.769	1.678	1.727	1.810	1.710	1.774	1.761	1.727	1.411	1.418	1.569	1.486	1.509	1.567	1.569	1.537	1.389	1.384	1.361	1.484	1.377	1.428	1.408	1.392	1.473	1.424	1.530	1.577	1.464	1.502	1.615	1.525
13:29:10	37.0	1.794	1.721	1.776	1.786	1.886	1.782	1.749	1.873	1.422	1.546	1.548	1.428	1.414	1.385	1.534	1.417	1.376	1.443	1.371	1.353	1.319	1.449	1.403	1.534	1.420	1.531	1.528	1.491	1.478	1.599	1.620	1.548	1.774	1.680	1.728	1.811	1.709	1.773	1.762	1.732	1.419	1.424	1.572	1.489	1.510	1.568	1.574	1.540	1.390	1.385	1.364	1.486	1.380	1.431	1.410	1.394	1.478	1.430	1.536	1.583	1.469	1.506	1.621	1.531
13:34:10	37.0	1.792	1.722	1.777	1.787	1.892	1.783	1.753	1.874	1.430	1.547	1.549	1.432	1.418	1.389	1.539	1.419	1.378	1.442	1.371	1.354	1.319	1.449	1.404	1.534	1.427	1.544	1.533	1.500	1.485	1.607	1.629	1.553	1.776	1.681	1.729	1.813	1.712	1.777	1.767	1.736	1.427	1.430	1.577	1.492	1.516	1.572	1.579	1.547	1.391	1.387	1.364	1.489	1.382	1.432	1.413	1.394	1.483	1.436	1.543	1.588	1.476	1.513	1.626	1.539
13:39:10	37.1	1.791	1.722	1.778	1.788	1.892	1.783	1.754	1.877	1.434	1.553	1.556	1.435	1.421	1.394	1.542	1.426	1.380	1.445	1.377	1.357	1.323	1.454	1.406	1.540	1.430	1.548	1.540	1.504	1.493	1.611	1.631	1.556	1.780	1.682	1.730	1.815	1.711	1.774	1.766	1.740	1.437	1.433	1.579	1.495	1.518	1.575	1.585	1.552	1.390	1.390	1.368	1.492	1.384	1.433	1.415	1.395	1.490	1.442	1.549	1.593	1.482	1.519	1.632	1.548
13:44:10	37.0	1.787	1.718	1.779	1.788	1.896	1.786	1.757	1.879	1.438	1.558	1.558	1.442	1.425	1.397	1.546	1.432	1.381	1.449	1.381	1.361	1.326	1.458	1.410	1.544	1.437	1.556	1.545	1.509	1.495	1.615	1.635	1.563	1.785	1.681	1.731	1.817	1.710	1.774	1.768	1.743	1.441	1.440	1.581	1.499	1.524	1.578	1.589	1.559	1.391	1.391	1.370	1.495	1.387	1.436	1.419	1.399	1.497	1.450	1.553	1.599	1.488	1.524	1.635	1.554
13:49:10	37.0	1.784	1.717	1.781	1.788	1.900	1.790	1.760	1.880	1.448	1.565	1.562	1.445	1.432	1.400	1.552	1.436	1.383	1.452	1.385	1.363	1.329	1.461	1.411	1.547	1.444	1.560	1.548	1.513	1.501	1.620	1.640	1.568	1.790	1.681	1.732	1.818	1.710	1.774	1.769	1.747	1.452	1.446	1.587	1.506	1.530	1.583	1.594	1.565	1.391	1.391	1.372	1.498	1.391	1.439	1.422	1.402	1.505	1.456	1.560	1.605	1.495	1.530	1.642	1.561
13:54:10	37.1	1.785	1.721	1.786	1.794	1.904	1.794	1.764	1.885	1.450	1.567	1.565	1.447	1.433	1.405	1.552	1.443	1.385	1.452	1.385	1.365	1.331	1.463	1.412	1.550	1.448	1.568	1.555	1.522	1.508	1.627	1.643	1.577	1.797	1.682	1.734	1.820	1.713	1.778	1.774	1.749	1.454	1.448	1.593	1.511	1.538	1.588	1.599	1.573	1.390	1.394	1.374	1.500	1.392	1.441	1.425	1.401	1.508	1.464	1.561	1.606	1.498	1.533	1.642	1.564
13:59:10	37.0	1.789	1.725	1.790	1.797	1.907	1.796	1.766	1.885	1.455	1.573	1.573	1.452	1.442	1.411	1.561	1.450	1.389	1.457	1.390	1.369	1.335	1.466	1.415	1.555	1.458	1.576	1.563	1.525	1.512	1.629	1.648	1.580	1.797	1.681	1.734	1.820	1.711	1.776	1.774	1.753	1.458	1.453	1.597	1.514	1.538	1.594	1.602	1.579	1.391	1.399	1.378	1.504	1.397	1.443	1.428	1.405	1.516	1.466	1.567	1.611	1.504	1.538	1.650	1.571
14:04:10	37.0	1.790	1.727	1.795	1.802	1.910	1.799	1.769	1.888	1.460	1.576	1.573	1.457	1.441	1.417	1.567	1.456	1.390	1.460	1.395	1.371	1.337	1.469	1.417	1.558	1.464	1.579	1.565	1.530	1.518	1.638	1.655	1.585	1.802	1.680	1.733	1.822	1.713	1.778	1.778	1.756	1.466	1.456	1.604	1.516	1.542	1.598	1.609	1.584	1.393	1.398	1.380	1.507	1.401	1.447	1.432	1.409	1.523	1.475	1.573	1.616	1.510	1.545	1.655	1.579
14:09:10	37.0	1.791	1.730	1.797	1.805	1.913	1.802	1.773	1.891	1.462	1.581	1.579	1.460	1.448	1.418	1.568	1.458	1.390	1.461	1.395	1.374	1.337	1.471	1.418	1.563	1.466	1.588	1.567	1.540	1.524	1.644	1.662	1.590	1.808	1.679	1.737	1.823	1.716	1.781	1.782	1.758	1.472	1.461	1.605	1.525	1.547	1.601	1.616	1.593	1.392	1.398	1.380	1.509	1.403	1.448	1.432	1.409	1.530	1.480	1.574	1.618	1.510	1.544	1.656	1.583
14:14:10	37.0	1.797	1.736	1.802	1.808	1.917	1.806	1.776	1.895	1.467	1.583	1.581	1.466	1.448	1.426	1.574	1.462	1.392	1.466	1.399	1.377	1.341	1.475	1.421	1.565	1.476	1.593	1.574	1.545	1.528	1.646	1.662	1.597	1.810	1.681	1.740	1.826	1.717	1.782	1.784	1.762	1.477	1.464	1.608	1.525	1.551	1.605	1.622	1.594	1.394	1.401	1.382	1.513	1.407	1.451	1.437	1.412	1.533	1.482	1.575	1.622	1.514	1.550	1.659	1.590
14:19:10	37.0	1.800	1.739	1.805	1.811	1.919	1.808	1.778	1.898	1.468	1.585	1.587	1.470	1.453	1.428	1.578	1.468	1.394	1.470	1.402	1.380	1.345	1.476	1.425	1.570	1.480	1.600	1.579	1.548	1.534	1.648	1.664	1.601	1.814	1.680	1.739	1.826	1.715	1.781	1.785	1.765	1.484	1.472	1.612	1.534	1.558	1.611	1.628	1.599	1.393	1.403	1.384	1.516	1.411	1.453	1.440	1.415	1.534	1.485	1.581	1.625	1.518	1.552	1.661	1.593
14:24:10	37.0	1.801	1.740	1.807	1.813	1.922	1.810	1.780	1.901	1.471	1.587	1.592	1.469	1.460	1.432	1.586	1.474	1.398	1.475	1.405	1.382	1.349	1.479	1.429	1.572	1.485	1.603	1.585	1.550	1.536	1.653	1.669	1.606	1.820	1.680	1.740	1.827	1.714	1.782	1.787	1.767	1.489	1.475	1.613	1.533	1.560	1.613	1.632	1.603	1.398	1.402	1.386	1.520	1.416	1.456	1.444	1.418	1.542	1.491	1.585	1.629	1.522	1.557	1.666	1.599
14:29:10	37.0	1.811	1.746	1.811	1.816	1.925	1.811	1.782	1.903	1.478	1.593	1.599	1.476	1.468	1.439	1.591	1.478	1.403	1.476	1.410	1.384	1.353	1.484	1.433	1.575	1.491	1.610	1.589	1.557	1.544	1.658	1.677	1.607	1.821	1.681	1.743	1.830	1.716	1.784	1.790	1.772	1.494	1.479	1.619	1.539	1.567	1.619	1.637	1.606	1.401	1.406	1.390	1.524	1.420	1.462	1.449	1.422	1.548	1.494	1.589	1.632	1.526	1.563	1.671	1.606
14:34:10	37.1	1.812	1.749	1.814	1.819	1.927	1.813	1.785	1.908	1.482	1.595	1.606	1.482	1.475	1.446	1.597	1.486	1.407	1.481	1.413	1.388	1.357	1.489	1.436	1.580	1.496	1.612	1.591	1.561	1.546	1.661	1.674	1.613	1.827	1.681	1.741	1.829	1.715	1.785	1.791	1.774	1.502	1.484	1.620	1.539	1.570	1.620	1.641	1.612	1.407	1.407	1.393	1.530	1.427	1.466	1.454	1.425	1.556	1.500	1.593	1.636	1.531	1.568	1.675	1.614
14:39:10	37.0	1.823	1.753	1.816	1.821	1.926	1.814	1.786	1.910	1.487	1.601	1.614	1.487	1.478	1.455	1.603	1.490	1.411	1.485	1.419	1.390	1.361	1.492	1.440	1.583	1.501	1.616	1.598	1.564	1.553	1.666	1.682	1.620	1.829	1.682	1.744	1.832	1.718	1.789	1.795	1.778	1.506	1.490	1.627	1.544	1.577	1.626	1.646	1.617	1.410	1.410	1.396	1.536	1.433	1.470	1.458	1.428	1.560	1.500	1.596	1.639	1.534	1.572	1.679	1.621
14:44:10	37.0	1.824	1.755	1.819	1.825	1.931	1.817	1.789	1.914	1.488	1.603	1.619	1.492	1.483	1.459	1.607	1.498	1.413	1.486	1.422	1.393	1.364	1.494	1.443	1.587	1.507	1.621	1.599	1.571	1.556	1.672	1.688	1.626	1.833	1.682	1.742	1.831	1.719	1.789	1.796	1.780	1.513	1.495	1.633	1.552	1.582	1.631	1.651	1.622	1.413	1.409	1.400	1.540	1.435	1.474	1.463	1.429	1.565	1.507	1.599	1.642	1.539	1.574	1.680	1.625
14:49:10	37.0	1.832	1.760	1.822	1.828	1.932	1.820	1.792	1.917	1.496	1.609	1.630	1.501	1.495	1.465	1.614	1.503	1.418	1.491	1.425	1.397	1.370	1.500	1.448	1.591	1.509	1.623	1.605	1.575	1.560	1.676	1.690	1.629	1.837	1.683	1.744	1.832	1.720	1.790	1.798	1.784	1.513	1.499	1.632	1.554	1.590	1.635	1.655	1.626	1.417	1.412	1.405	1.546	1.442	1.480	1.468	1.433	1.573	1.510	1.603	1.646	1.543	1.580	1.686	1.631
14:54:10	37.1	1.839	1.765	1.825	1.829	1.935	1.822	1.795	1.920	1.501	1.616	1.637	1.508	1.497	1.477	1.622	1.513	1.422	1.494	1.433	1.399	1.373	1.503	1.451	1.595	1.513	1.628	1.608	1.577	1.564	1.678	1.693	1.635	1.840	1.684	1.744	1.832	1.720	1.793	1.800	1.788	1.523	1.503	1.634	1.555	1.594	1.637	1.657	1.631	1.421	1.413	1.411	1.553	1.450	1.485	1.475	1.437	1.580	1.514	1.610	1.650	1.549	1.584	1.691	1.637
14:59:10	37.0	1.838	1.765	1.828	1.833	1.938	1.827	1.799	1.924	1.502	1.621	1.643	1.512	1.505	1.477	1.625	1.516	1.422	1.496	1.435	1.402	1.376	1.505	1.454	1.600	1.519	1.635	1.612	1.584	1.568	1.681	1.698	1.639	1.844	1.681	1.742	1.831	1.720	1.792	1.801	1.790	1.530	1.512	1.644	1.567	1.600	1.645	1.665	1.635	1.424	1.413	1.414	1.554	1.452	1.488	1.478	1.437	1.587	1.520	1.613	1.654	1.553	1.587	1.692	1.641
15:04:10	37.0	1.845	1.769	1.829	1.833	1.938	1.827	1.799	1.925	1.512	1.625	1.648	1.520	1.514	1.487	1.633	1.522	1.425	1.501	1.440	1.406	1.383	1.510	1.458	1.604	1.521	1.637	1.616	1.587	1.571	1.686	1.700	1.643	1.847	1.683	1.743	1.832	1.721	1.794	1.803	1.793	1.532	1.517	1.648	1.573	1.607	1.649	1.668	1.637	1.424	1.418	1.419	1.561	1.458	1.493	1.484	1.441	1.595	1.523	1.616	1.657	1.557	1.592	1.697	1.646
15:09:10	37.0	1.847	1.772	1.832	1.837	1.942	1.831	1.803	1.930	1.514	1.632	1.653	1.525	1.518	1.493	1.637	1.526	1.427	1.503	1.443	1.409	1.385	1.514	1.462	1.607	1.528	1.642	1.620	1.590	1.575	1.689	1.704	1.647	1.851	1.683	1.744	1.832	1.722	1.795	1.805	1.796	1.540	1.522	1.654	1.581	1.614	1.656	1.674	1.642	1.430	1.419	1.423	1.565	1.461	1.497	1.488	1.445	1.603	1.529	1.622	1.661	1.562	1.594	1.700	1.649
15:14:10	37.0	1.850	1.774	1.834	1.840	1.943	1.833	1.805	1.932	1.520	1.639	1.660	1.530	1.525	1.498	1.641	1.530	1.429	1.506	1.446	1.410	1.390	1.516	1.466	1.610	1.531	1.647	1.623	1.592	1.579	1.693	1.707	1.654	1.855	1.684	1.744	1.833	1.724	1.797	1.808	1.798	1.544	1.528	1.662	1.589	1.620	1.659	1.677	1.645	1.431	1.421	1.425	1.567	1.463	1.500	1.492	1.448	1.608	1.534	1.627	1.661	1.566	1.596	1.703	1.653
15:19:10	37.0	1.856	1.778	1.838	1.843	1.947	1.835	1.810	1.939	1.526	1.642	1.662	1.536	1.531	1.497	1.648	1.537	1.436	1.510	1.451	1.413	1.394	1.518	1.468	1.613	1.534	1.649	1.628	1.596	1.583	1.695	1.708	1.658	1.856	1.684	1.744	1.831	1.722	1.796	1.807	1.803	1.550	1.534	1.668	1.597	1.625	1.663	1.678	1.647	1.434	1.426	1.433	1.576	1.473	1.508	1.500	1.454	1.617	1.537	1.631	1.661	1.572	1.597	1.707	1.659
15:24:10	37.1	1.862	1.779	1.838	1.841	1.947	1.835	1.808	1.940	1.530	1.651	1.669	1.540	1.538	1.505	1.655	1.545	1.438	1.513	1.456	1.417	1.399	1.522	1.473	1.619	1.536	1.651	1.631	1.601	1.586	1.699	1.713	1.663	1.860	1.687	1.746	1.834	1.726	1.800	1.812	1.805	1.554	1.539	1.674	1.600	1.629	1.669	1.677	1.650	1.438	1.429	1.437	1.581	1.476	1.512	1.504	1.458	1.623	1.542	1.635	1.664	1.575	1.600	1.711	1.663
15:29:10	37.0	1.864	1.780	1.839	1.844	1.950	1.838	1.813	1.945	1.534	1.653	1.671	1.544	1.539	1.508	1.652	1.545	1.437	1.515	1.458	1.419	1.400	1.523	1.475	1.623	1.541	1.659	1.637	1.606	1.592	1.702	1.718	1.667	1.864	1.684	1.747	1.834	1.728	1.802	1.814	1.806	1.559	1.547	1.685	1.607	1.636	1.676	1.678	1.648	1.439	1.428	1.440	1.582	1.478	1.513	1.506	1.457	1.627	1.547	1.636	1.663	1.572	1.601	1.713	1.665
15:34:10	37.0	1.867	1.784	1.843	1.847	1.953	1.842	1.817	1.951	1.539	1.657	1.675	1.548	1.542	1.510	1.654	1.550	1.443	1.518	1.461	1.421	1.403	1.527	1.478	1.628	1.541	1.663	1.640	1.610	1.596	1.704	1.718	1.672	1.866	1.685	1.748	1.835	1.728	1.802	1.814	1.808	1.561	1.548	1.687	1.608	1.639	1.678	1.682	1.648	1.438	1.432	1.444	1.587	1.481	1.516	1.511	1.462	1.635	1.545	1.637	1.663	1.575	1.600	1.714	1.665
15:39:10	37.0	1.872	1.785	1.843	1.848	1.954	1.841	1.816	1.950	1.544	1.662	1.676	1.550	1.546	1.513	1.660	1.554	1.444	1.521	1.468	1.425	1.411	1.531	1.483	1.631	1.548	1.666	1.642	1.614	1.598	1.709	1.722	1.677	1.868	1.689	1.752	1.838	1.731	1.805	1.818	1.809	1.567	1.543	1.687	1.613	1.641	1.677	1.684	1.649	1.444	1.431	1.447	1.588	1.482	1.519	1.514	1.466	1.640	1.549	1.640	1.665	1.579	1.604	1.718	1.670
15:44:10	37.1	1.874	1.788	1.846	1.850	1.956	1.844	1.820	1.956	1.550	1.665	1.683	1.556	1.552	1.520	1.663	1.560	1.451	1.526	1.470	1.427	1.415	1.534	1.486	1.636	1.550	1.670	1.646	1.616	1.604	1.712	1.726	1.678	1.871	1.689	1.751	1.838	1.732	1.805	1.819	1.812	1.569	1.545	1.689	1.618	1.644	1.679	1.689	1.653	1.448	1.436	1.451	1.592	1.486	1.524	1.520	1.471	1.649	1.552	1.644	1.666	1.580	1.606	1.723	1.673
15:49:10	37.0	1.875	1.789	1.847	1.852	1.958	1.845	1.822	1.958	1.550	1.668	1.688	1.559	1.553	1.520	1.668	1.563	1.452	1.527	1.473	1.427	1.417	1.538	1.488	1.638	1.556	1.674	1.652	1.620	1.607	1.715	1.723	1.681	1.874	1.690	1.752	1.838	1.733	1.806	1.821	1.812	1.569	1.550	1.693	1.621	1.646	1.681	1.690	1.653	1.451	1.435	1.451	1.594	1.489	1.525	1.522	1.474	1.651	1.554	1.646	1.669	1.581	1.609	1.725	1.674
15:54:10	37.0	1.879	1.791	1.848	1.853	1.959	1.848	1.824	1.960	1.556	1.671	1.688	1.562	1.556	1.528	1.669	1.565	1.458	1.531	1.476	1.431	1.425	1.544	1.493	1.641	1.559	1.677	1.655	1.623	1.609	1.720	1.732	1.684	1.876	1.691	1.753	1.840	1.736	1.809	1.824	1.814	1.569	1.551	1.697	1.625	1.648	1.685	1.693	1.654	1.453	1.436	1.454	1.597	1.491	1.527	1.525	1.476	1.654	1.556	1.649	1.670	1.584	1.610	1.727	1.676
15:59:10	37.0	1.884	1.793	1.851	1.853	1.961	1.845	1.824	1.962	1.561	1.677	1.694	1.565	1.564	1.532	1.670	1.573	1.465	1.534	1.482	1.437	1.428	1.548	1.498	1.648	1.559	1.675	1.656	1.627	1.612	1.716	1.738	1.686	1.880	1.697	1.758	1.844	1.740	1.812	1.826	1.817	1.571	1.550	1.699	1.627	1.650	1.692	1.696	1.661	1.458	1.445	1.462	1.604	1.498	1.536	1.532	1.485	1.663	1.557	1.653	1.673	1.587	1.613	1.733	1.682
16:04:10	37.0	1.886	1.796	1.855	1.856	1.965	1.849	1.830	1.967	1.563	1.676	1.696	1.568	1.565	1.531	1.675	1.572	1.464	1.536	1.484	1.435	1.430	1.549	1.499	1.650	1.558	1.683	1.663	1.631	1.613	1.716	1.738	1.687	1.881	1.695	1.757	1.843	1.739	1.811	1.826	1.818	1.573	1.556	1.705	1.630	1.653	1.696	1.697	1.660	1.459	1.445	1.462	1.605	1.499	1.536	1.534	1.488	1.665	1.559	1.654	1.673	1.587	1.614	1.732	1.682
16:09:10	37.0	1.890	1.799	1.858	1.859	1.969	1.853	1.836	1.970	1.567	1.682	1.700	1.571	1.570	1.536	1.679	1.577	1.473	1.541	1.489	1.441	1.438	1.555	1.506	1.655	1.554	1.683	1.663	1.631	1.611	1.722	1.739	1.689	1.884	1.698	1.759	1.844	1.741	1.813	1.828	1.820	1.575	1.557	1.708	1.634	1.655	1.700	1.701	1.664	1.466	1.450	1.468	1.607	1.503	1.540	1.539	1.493	1.673	1.563	1.659	1.677	1.593	1.619	1.737	1.688
16:14:10	37.1	1.892	1.801	1.860	1.862	1.970	1.854	1.839	1.972	1.570	1.685	1.703	1.577	1.572	1.536	1.682	1.579	1.477	1.543	1.492	1.442	1.440	1.560	1.508	1.657	1.557	1.682	1.658	1.628	1.613	1.724	1.739	1.691	1.886	1.699	1.758	1.844	1.741	1.814	1.830	1.821	1.579	1.561	1.713	1.639	1.659	1.703	1.703	1.665	1.469	1.450	1.468	1.609	1.504	1.542	1.541	1.497	1.677	1.569	1.663	1.680	1.596	1.623	1.740	1.691
16:19:10	37.0	1.896	1.803	1.861	1.863	1.972	1.855	1.842	1.975	1.573	1.691	1.706	1.578	1.574	1.544	1.685	1.582	1.483	1.547	1.495	1.447	1.446	1.564	1.513	1.662	1.558	1.679	1.661	1.633	1.620	1.732	1.743	1.696	1.888	1.700	1.761	1.846	1.744	1.817	1.833	1.823	1.582	1.563	1.717	1.644	1.661	1.705	1.705	1.669	1.474	1.454	1.472	1.612	1.506	1.544	1.545	1.501	1.683	1.571	1.666	1.682	1.599	1.624	1.742	1.694
16:24:10	37.0	1.899	1.804	1.862	1.862	1.971	1.855	1.842	1.974	1.578	1.691	1.709	1.582	1.579	1.547	1.686	1.584	1.487	1.550	1.498	1.453	1.447	1.568	1.518	1.666	1.559	1.682	1.664	1.637	1.624	1.734	1.746	1.700	1.892	1.702	1.764	1.848	1.746	1.819	1.837	1.824	1.585	1.566	1.720	1.646	1.664	1.707	1.706	1.669	1.477	1.459	1.475	1.616	1.509	1.546	1.547	1.504	1.686	1.571	1.667	1.682	1.600	1.625	1.744	1.695
16:29:10	37.0	1.901	1.809	1.868	1.868	1.979	1.862	1.851	1.982	1.579	1.693	1.710	1.585	1.581	1.546	1.689	1.588	1.495	1.552	1.498	1.453	1.452	1.569	1.518	1.667	1.563	1.684	1.663	1.638	1.622	1.731	1.742	1.697	1.894	1.702	1.762	1.847	1.745	1.817	1.834	1.825	1.588	1.570	1.723	1.651	1.667	1.712	1.711	1.673	1.486	1.463	1.480	1.621	1.515	1.552	1.553	1.510	1.694	1.576	1.670	1.685	1.604	1.629	1.748	1.701
16:34:10	37.0	1.905	1.810	1.869	1.868	1.978	1.861	1.852	1.982	1.582	1.698	1.716	1.591	1.591	1.551	1.695	1.594	1.501	1.560	1.502	1.462	1.455	1.574	1.524	1.673	1.565	1.684	1.662	1.639	1.625	1.733	1.746	1.700	1.896	1.706	1.764	1.849	1.748	1.820	1.838	1.828	1.591	1.572	1.726	1.653	1.670	1.716	1.714	1.678	1.491	1.466	1.483	1.623	1.518	1.555	1.556	1.517	1.702	1.582	1.677	1.689	1.611	1.635	1.754	1.705
16:39:10	37.1	1.909	1.811	1.870	1.868	1.978	1.860	1.853	1.982	1.587	1.702	1.723	1.592	1.594	1.555	1.699	1.600	1.508	1.565	1.509	1.468	1.462	1.580	1.531	1.677	1.569	1.688	1.669	1.644	1.631	1.738	1.752	1.708	1.899	1.709	1.768	1.852	1.751	1.824	1.842	1.829	1.597	1.574	1.728	1.654	1.671	1.717	1.716	1.682	1.498	1.472	1.485	1.626	1.521	1.560	1.561	1.523	1.709	1.586	1.680	1.692	1.615	1.638	1.758	1.711
16:44:10	37.0	1.911	1.816	1.875	1.874	1.984	1.866	1.861	1.990	1.592	1.704	1.727	1.596	1.592	1.554	1.701	1.603	1.518	1.567	1.508	1.468	1.462	1.580	1.532	1.678	1.572	1.692	1.671	1.644	1.630	1.738	1.751	1.705	1.903	1.712	1.768	1.851	1.750	1.822	1.840	1.832	1.598	1.577	1.730	1.656	1.676	1.720	1.718	1.685	1.504	1.477	1.492	1.631	1.526	1.565	1.567	1.528	1.716	1.588	1.683	1.694	1.618	1.640	1.760	1.714
16:49:10	37.0	1.913	1.817	1.876	1.874	1.983	1.866	1.860	1.987	1.594	1.710	1.729	1.598	1.599	1.560	1.706	1.608	1.524	1.572	1.514	1.476	1.467	1.585	1.537	1.682	1.574	1.693	1.673	1.644	1.634	1.740	1.753	1.710	1.905	1.713	1.771	1.853	1.753	1.826	1.845	1.833	1.604	1.581	1.735	1.663	1.679	1.723	1.721	1.686	1.506	1.480	1.493	1.635	1.530	1.566	1.568	1.533	1.721	1.593	1.686	1.696	1.621	1.643	1.763	1.718
16:54:10	37.1	1.917	1.821	1.880	1.877	1.986	1.870	1.864	1.991	1.593	1.707	1.730	1.602	1.598	1.563	1.707	1.610	1.525	1.575	1.514	1.477	1.468	1.588	1.539	1.686	1.576	1.695	1.677	1.647	1.638	1.742	1.755	1.712	1.906	1.715	1.772	1.855	1.755	1.827	1.845	1.834	1.607	1.584	1.737	1.665	1.680	1.725	1.723	1.688	1.512	1.482	1.495	1.638	1.532	1.568	1.572	1.537	1.724	1.595	1.688	1.698	1.623	1.643	1.765	1.720
16:59:10	37.0	1.917	1.823	1.884	1.879	1.989	1.873	1.868	1.993	1.596	1.711	1.731	1.603	1.599	1.564	1.707	1.611	1.532	1.578	1.517	1.476	1.468	1.589	1.541	1.688	1.579	1.697	1.680	1.646	1.640	1.742	1.755	1.710	1.906	1.712	1.771	1.854	1.755	1.828	1.848	1.835	1.609	1.586	1.741	1.670	1.686	1.730	1.727	1.690	1.513	1.483	1.499	1.640	1.534	1.569	1.576	1.542	1.730	1.601	1.694	1.700	1.627	1.647	1.766	1.722
17:04:10	37.0	1.923	1.828	1.889	1.883	1.994	1.877	1.872	1.998	1.599	1.710	1.733	1.607	1.600	1.565	1.707	1.613	1.538	1.579	1.517	1.479	1.471	1.593	1.542	1.692	1.581	1.699	1.682	1.650	1.643	1.745	1.757	1.713	1.910	1.714	1.772	1.855	1.756	1.829	1.847	1.837	1.611	1.585	1.741	1.669	1.687	1.731	1.727	1.694	1.522	1.488	1.503	1.646	1.539	1.573	1.578	1.547	1.733	1.601	1.695	1.703	1.630	1.648	1.770	1.726
17:09:10	37.1	1.925	1.831	1.892	1.885	1.994	1.879	1.873	1.997	1.600	1.716	1.736	1.612	1.605	1.569	1.711	1.616	1.542	1.583	1.518	1.486	1.474	1.595	1.547	1.696	1.584	1.700	1.686	1.651	1.646	1.748	1.759	1.715	1.913	1.718	1.775	1.857	1.758	1.831	1.849	1.839	1.614	1.587	1.742	1.670	1.688	1.732	1.728	1.695	1.526	1.491	1.502	1.647	1.541	1.575	1.580	1.550	1.740	1.605	1.699	1.705	1.634	1.652	1.773	1.730
17:14:10	37.0	1.927	1.834	1.895	1.888	1.995	1.879	1.876	1.999	1.602	1.719	1.737	1.613	1.608	1.571	1.711	1.619	1.546	1.587	1.521	1.488	1.478	1.599	1.551	1.699	1.588	1.701	1.688	1.651	1.650	1.750	1.761	1.718	1.914	1.719	1.776	1.859	1.760	1.833	1.852	1.840	1.618	1.589	1.744	1.673	1.690	1.736	1.731	1.697	1.530	1.494	1.506	1.649	1.537	1.578	1.580	1.555	1.747	1.609	1.703	1.708	1.636	1.655	1.776	1.735
17:19:10	37.0	1.931	1.838	1.898	1.889	1.997	1.882	1.877	1.999	1.606	1.724	1.739	1.618	1.612	1.573	1.714	1.622	1.552	1.588	1.524	1.491	1.480	1.602	1.555	1.702	1.589	1.702	1.691	1.652	1.651	1.753	1.763	1.721	1.917	1.722	1.779	1.860	1.763	1.835	1.854	1.841	1.621	1.591	1.745	1.674	1.691	1.738	1.732	1.702	1.534	1.498	1.508	1.642	1.541	1.582	1.581	1.560	1.752	1.611	1.706	1.710	1.641	1.657	1.779	1.738
17:24:10	37.1	1.934	1.840	1.902	1.893	2.000	1.883	1.881	2.004	1.608	1.726	1.739	1.617	1.611	1.573	1.715	1.624	1.555	1.592	1.526	1.492	1.483	1.603	1.557	1.704	1.593	1.706	1.693	1.654	1.655	1.752	1.764	1.721	1.919	1.723	1.780	1.861	1.763	1.836	1.855	1.843	1.624	1.593	1.748	1.677	1.694	1.740	1.736	1.703	1.538	1.502	1.513	1.643	1.545	1.585	1.585	1.563	1.758	1.614	1.709	1.712	1.642	1.659	1.781	1.741
17:29:10	37.0	1.938	1.843	1.906	1.897	2.002	1.887	1.884	2.005	1.610	1.728	1.742	1.618	1.612	1.575	1.718	1.625	1.561	1.595	1.527	1.496	1.487	1.607	1.559	1.704	1.597	1.706	1.697	1.657	1.658	1.756	1.767	1.726	1.921	1.723	1.780	1.861	1.765	1.837	1.857	1.845	1.628	1.594	1.748	1.678	1.696	1.743	1.737	1.708	1.544	1.506	1.515	1.646	1.549	1.587	1.588	1.569	1.767	1.621	1.714	1.717	1.648	1.664	1.786	1.746
17:34:10	37.0	1.941	1.847	1.909	1.899	2.005	1.890	1.886	2.007	1.613	1.730	1.742	1.620	1.614	1.576	1.719	1.631	1.565	1.597	1.530	1.499	1.489	1.608	1.563	1.716	1.599	1.708	1.701	1.657	1.659	1.760	1.770	1.727	1.924	1.726	1.783	1.864	1.767	1.840	1.860	1.847	1.631	1.595	1.750	1.679	1.698	1.744	1.740	1.709	1.549	1.509	1.519	1.649	1.549	1.585	1.589	1.573	1.773	1.623	1.717	1.718	1.651	1.666	1.788	1.749
17:39:10	37.0	1.943	1.852	1.914	1.905	2.008	1.893	1.890	2.011	1.615	1.732	1.744	1.622	1.616	1.579	1.720	1.633	1.569	1.599	1.532	1.499	1.492	1.611	1.565	1.716	1.602	1.712	1.706	1.661	1.663	1.760	1.771	1.729	1.927	1.726	1.784	1.864	1.768	1.840	1.859	1.849	1.633	1.600	1.752	1.682	1.701	1.747	1.742	1.714	1.554	1.514	1.522	1.653	1.553	1.594	1.591	1.578	1.780	1.626	1.720	1.721	1.654	1.669	1.790	1.754
17:44:10	37.0	1.946	1.854	1.916	1.907	2.008	1.893	1.891	2.010	1.617	1.735	1.746	1.623	1.616	1.580	1.722	1.637	1.571	1.603	1.536	1.504	1.494	1.613	1.570	1.722	1.605	1.710	1.706	1.661	1.666	1.763	1.773	1.732	1.928	1.728	1.784	1.865	1.769	1.843	1.863	1.851	1.637	1.600	1.754	1.684	1.702	1.748	1.744	1.715	1.557	1.516	1.516	1.652	1.551	1.596	1.590	1.580	1.786	1.630	1.724	1.721	1.656	1.671	1.793	1.758
17:49:10	37.0	1.949	1.859	1.921	1.913	2.012	1.898	1.895	2.015	1.618	1.734	1.745	1.622	1.616	1.579	1.720	1.636	1.574	1.604	1.538	1.505	1.496	1.615	1.571	1.719	1.608	1.716	1.710	1.664	1.669	1.765	1.774	1.732	1.931	1.728	1.786	1.865	1.770	1.843	1.863	1.851	1.641	1.603	1.758	1.688	1.706	1.752	1.747	1.718	1.560	1.518	1.522	1.654	1.551	1.596	1.590	1.581	1.790	1.632	1.727	1.725	1.659	1.671	1.795	1.761
17:54:10	37.0	1.953	1.861	1.922	1.914	2.013	1.899	1.896	2.014	1.622	1.738	1.749	1.625	1.618	1.582	1.724	1.641	1.580	1.606	1.540	1.509	1.499	1.617	1.574	1.722	1.612	1.716	1.711	1.664	1.672	1.769	1.776	1.736	1.932	1.730	1.787	1.867	1.772	1.846	1.867	1.853	1.645	1.603	1.758	1.689	1.706	1.753	1.748	1.720	1.565	1.522	1.524	1.655	1.551	1.596	1.591	1.583	1.798	1.637	1.732	1.728	1.664	1.676	1.798	1.764
17:59:10	37.0	1.955	1.866	1.926	1.919	2.017	1.903	1.899	2.018	1.624	1.739	1.749	1.626	1.618	1.583	1.725	1.645	1.583	1.609	1.543	1.512	1.499	1.618	1.576	1.727	1.615	1.718	1.714	1.666	1.673	1.770	1.778	1.738	1.935	1.731	1.789	1.868	1.774	1.848	1.869	1.855	1.648	1.604	1.760	1.688	1.708	1.754	1.749	1.724	1.567	1.525	1.526	1.655	1.552	1.597	1.593	1.586	1.805	1.641	1.736	1.731	1.667	1.679	1.800	1.769
18:04:10	37.0	1.958	1.868	1.929	1.922	2.018	1.906	1.903	2.022	1.627	1.740	1.752	1.629	1.620	1.582	1.726	1.647	1.585	1.609	1.543	1.511	1.502	1.619	1.579	1.726	1.617	1.718	1.716	1.667	1.674	1.773	1.781	1.739	1.938	1.733	1.790	1.869	1.775	1.849	1.870	1.856	1.652	1.606	1.762	1.690	1.709	1.756	1.752	1.726	1.574	1.528	1.528	1.658	1.554	1.598	1.594	1.590	1.809	1.641	1.737	1.732	1.668	1.680	1.803	1.772