

Software Version	3.04.17



Experiment File Path:	C:\Data\Covert Lab\Experiments\Cyrus\cyrus_021424_blue_blanks.xpt
Protocol File Path:	C:\Data\Covert Lab\Protocol\whole_plate_24hr.prt



Plate Number	Plate 1
Date	2/14/2024
Time	7:23:37 PM
Reader Type:	Synergy H1
Reader Serial Number:	150707E
Reading Type	Reader

Procedure Details

Plate Type	96 WELL PLATE
Eject plate on completion	
Set Temperature	Setpoint 30°C
	Preheat before moving to next step
Start Kinetic	Runtime 0:24:01 (HH:MM:SS), Interval 0:01:30, 17 Reads
    Shake	Orbital: Continuous
	Frequency: 282 cpm (3 mm)
    Read	Absorbance Endpoint
	Full Plate
	Wavelengths:  600
	Read Speed: Normal,  Delay: 100 msec,  Measurements/Data Point: 8
End Kinetic	

Layout
	1	2	3	4	5	6	7	8	9	10	11	12
A	SPL1	SPL9	SPL17	SPL25	SPL33	SPL41	SPL49	SPL57	SPL65	SPL73	SPL81	SPL89	Well ID
B	SPL2	SPL10	SPL18	SPL26	SPL34	SPL42	SPL50	SPL58	SPL66	SPL74	SPL82	SPL90	Well ID
C	SPL3	SPL11	SPL19	SPL27	SPL35	SPL43	SPL51	SPL59	SPL67	SPL75	SPL83	SPL91	Well ID
D	SPL4	SPL12	SPL20	SPL28	SPL36	SPL44	SPL52	SPL60	SPL68	SPL76	SPL84	SPL92	Well ID
E	SPL5	SPL13	SPL21	SPL29	SPL37	SPL45	SPL53	SPL61	SPL69	SPL77	SPL85	SPL93	Well ID
F	SPL6	SPL14	SPL22	SPL30	SPL38	SPL46	SPL54	SPL62	SPL70	SPL78	SPL86	SPL94	Well ID
G	SPL7	SPL15	SPL23	SPL31	SPL39	SPL47	SPL55	SPL63	SPL71	SPL79	SPL87	SPL95	Well ID
H	SPL8	SPL16	SPL24	SPL32	SPL40	SPL48	SPL56	SPL64	SPL72	SPL80	SPL88	SPL96	Well ID

600

Time	T° 600	A1	A2	A3	A4	A5	A6	A7	A8	A9	A10	A11	A12	B1	B2	B3	B4	B5	B6	B7	B8	B9	B10	B11	B12	C1	C2	C3	C4	C5	C6	C7	C8	C9	C10	C11	C12	D1	D2	D3	D4	D5	D6	D7	D8	D9	D10	D11	D12	E1	E2	E3	E4	E5	E6	E7	E8	E9	E10	E11	E12	F1	F2	F3	F4	F5	F6	F7	F8	F9	F10	F11	F12	G1	G2	G3	G4	G5	G6	G7	G8	G9	G10	G11	G12	H1	H2	H3	H4	H5	H6	H7	H8	H9	H10	H11	H12
0:00:40	30.0	0.310	0.201	0.192	0.213	0.174	0.190	0.175	0.190	0.199	0.182	0.190	0.184	0.214	0.277	0.177	0.176	0.197	0.177	0.191	0.193	0.203	0.184	0.192	0.182	0.215	0.204	0.293	0.208	0.186	0.198	0.190	0.199	0.198	0.186	0.178	0.181	0.222	0.226	0.191	0.208	0.245	0.202	0.197	0.183	0.189	0.181	0.200	0.194	0.192	0.193	0.205	0.200	0.179	0.267	0.282	0.204	0.188	0.183	0.182	0.181	0.187	0.188	0.191	0.196	0.194	0.195	0.190	0.285	0.194	0.185	0.195	0.195	0.199	0.209	0.186	0.207	0.190	0.178	0.179	0.185	0.182	0.173	0.184	0.176	0.187	0.196	0.193	0.195	0.195	0.201	0.193	0.180	0.166	0.171	0.179	0.189
0:02:10	30.1	0.319	0.200	0.192	0.212	0.174	0.190	0.175	0.190	0.199	0.182	0.189	0.184	0.214	0.278	0.177	0.175	0.198	0.177	0.190	0.194	0.202	0.184	0.192	0.182	0.215	0.206	0.287	0.196	0.186	0.198	0.191	0.199	0.197	0.187	0.178	0.182	0.222	0.228	0.191	0.208	0.245	0.202	0.197	0.182	0.189	0.181	0.200	0.195	0.192	0.190	0.205	0.199	0.179	0.268	0.279	0.204	0.188	0.183	0.183	0.180	0.186	0.187	0.190	0.196	0.194	0.194	0.190	0.284	0.193	0.185	0.195	0.195	0.199	0.209	0.186	0.206	0.189	0.177	0.179	0.185	0.182	0.173	0.184	0.177	0.187	0.196	0.192	0.195	0.195	0.201	0.193	0.180	0.166	0.171	0.179	0.189
0:03:40	30.1	0.297	0.200	0.191	0.212	0.174	0.190	0.176	0.190	0.199	0.183	0.188	0.185	0.214	0.278	0.176	0.176	0.197	0.177	0.190	0.194	0.202	0.183	0.191	0.181	0.215	0.205	0.286	0.189	0.184	0.198	0.190	0.198	0.197	0.187	0.178	0.181	0.221	0.228	0.191	0.207	0.247	0.202	0.197	0.182	0.189	0.181	0.200	0.194	0.191	0.190	0.204	0.199	0.179	0.268	0.277	0.203	0.187	0.184	0.182	0.180	0.187	0.186	0.190	0.203	0.194	0.194	0.190	0.284	0.192	0.185	0.196	0.195	0.198	0.208	0.186	0.204	0.188	0.178	0.179	0.186	0.182	0.173	0.183	0.177	0.187	0.195	0.192	0.195	0.194	0.201	0.193	0.180	0.166	0.171	0.179	0.189
0:05:10	30.1	0.274	0.200	0.191	0.212	0.174	0.191	0.176	0.190	0.199	0.182	0.188	0.185	0.213	0.278	0.175	0.176	0.197	0.177	0.190	0.194	0.202	0.183	0.191	0.181	0.214	0.204	0.287	0.187	0.184	0.197	0.190	0.199	0.196	0.186	0.178	0.181	0.221	0.226	0.190	0.207	0.248	0.202	0.196	0.183	0.188	0.181	0.200	0.193	0.191	0.190	0.204	0.199	0.179	0.269	0.275	0.203	0.188	0.183	0.182	0.180	0.185	0.186	0.189	0.195	0.193	0.194	0.190	0.284	0.192	0.185	0.196	0.195	0.198	0.209	0.189	0.204	0.188	0.178	0.179	0.185	0.182	0.174	0.183	0.177	0.187	0.195	0.192	0.194	0.194	0.201	0.193	0.180	0.166	0.171	0.178	0.188
0:06:40	30.1	0.257	0.200	0.191	0.211	0.175	0.190	0.176	0.190	0.199	0.182	0.188	0.185	0.213	0.278	0.175	0.176	0.196	0.177	0.191	0.194	0.201	0.183	0.191	0.181	0.214	0.205	0.287	0.187	0.183	0.197	0.190	0.198	0.197	0.186	0.178	0.181	0.220	0.229	0.190	0.207	0.248	0.202	0.196	0.183	0.188	0.181	0.200	0.193	0.191	0.190	0.204	0.199	0.178	0.269	0.275	0.203	0.188	0.184	0.182	0.180	0.186	0.186	0.189	0.195	0.193	0.194	0.190	0.284	0.192	0.185	0.196	0.195	0.198	0.209	0.191	0.203	0.188	0.177	0.179	0.185	0.182	0.173	0.183	0.177	0.187	0.195	0.191	0.194	0.194	0.200	0.192	0.180	0.166	0.171	0.179	0.189
0:08:10	30.1	0.239	0.200	0.191	0.211	0.175	0.190	0.176	0.190	0.199	0.182	0.188	0.185	0.212	0.278	0.176	0.177	0.197	0.177	0.190	0.194	0.201	0.184	0.190	0.181	0.214	0.203	0.288	0.188	0.183	0.196	0.190	0.198	0.196	0.186	0.178	0.181	0.220	0.229	0.190	0.206	0.248	0.201	0.197	0.183	0.188	0.181	0.200	0.193	0.190	0.190	0.204	0.199	0.178	0.269	0.273	0.203	0.187	0.184	0.182	0.180	0.185	0.186	0.189	0.197	0.192	0.193	0.190	0.284	0.192	0.186	0.195	0.195	0.198	0.209	0.191	0.203	0.188	0.177	0.179	0.186	0.181	0.174	0.183	0.177	0.186	0.195	0.191	0.194	0.194	0.200	0.192	0.180	0.166	0.171	0.178	0.188
0:09:40	30.0	0.231	0.199	0.191	0.211	0.175	0.191	0.176	0.190	0.199	0.182	0.188	0.185	0.213	0.277	0.175	0.176	0.196	0.176	0.190	0.194	0.201	0.184	0.190	0.181	0.214	0.203	0.288	0.187	0.184	0.196	0.189	0.197	0.196	0.186	0.178	0.181	0.221	0.228	0.190	0.206	0.249	0.201	0.197	0.183	0.188	0.181	0.200	0.193	0.190	0.191	0.203	0.198	0.178	0.269	0.272	0.203	0.187	0.184	0.182	0.180	0.185	0.185	0.188	0.195	0.192	0.193	0.190	0.283	0.192	0.185	0.196	0.195	0.197	0.209	0.192	0.203	0.187	0.177	0.179	0.185	0.181	0.173	0.183	0.177	0.186	0.195	0.191	0.194	0.193	0.200	0.192	0.180	0.166	0.171	0.178	0.188
0:11:10	30.1	0.226	0.199	0.190	0.211	0.175	0.190	0.175	0.190	0.199	0.182	0.188	0.185	0.213	0.278	0.175	0.176	0.196	0.177	0.190	0.194	0.201	0.183	0.190	0.181	0.214	0.203	0.288	0.187	0.184	0.196	0.190	0.197	0.196	0.186	0.178	0.181	0.220	0.228	0.190	0.205	0.249	0.201	0.196	0.183	0.188	0.180	0.200	0.192	0.190	0.191	0.202	0.198	0.178	0.269	0.272	0.203	0.187	0.184	0.182	0.180	0.185	0.185	0.188	0.200	0.191	0.193	0.189	0.283	0.192	0.185	0.196	0.195	0.197	0.208	0.192	0.202	0.187	0.177	0.179	0.185	0.181	0.173	0.182	0.177	0.186	0.195	0.191	0.193	0.193	0.200	0.192	0.180	0.166	0.171	0.178	0.188
0:12:40	30.1	0.225	0.199	0.190	0.211	0.175	0.190	0.176	0.190	0.199	0.183	0.188	0.186	0.213	0.278	0.175	0.177	0.195	0.176	0.190	0.194	0.201	0.183	0.190	0.181	0.213	0.203	0.289	0.187	0.183	0.196	0.190	0.197	0.196	0.186	0.178	0.181	0.220	0.229	0.190	0.205	0.249	0.201	0.196	0.184	0.188	0.181	0.200	0.192	0.190	0.191	0.201	0.198	0.178	0.270	0.271	0.203	0.186	0.184	0.182	0.180	0.185	0.185	0.188	0.204	0.191	0.193	0.189	0.283	0.192	0.185	0.196	0.195	0.196	0.209	0.191	0.203	0.187	0.177	0.179	0.186	0.182	0.174	0.183	0.177	0.186	0.195	0.191	0.193	0.193	0.200	0.192	0.180	0.166	0.171	0.178	0.188
0:14:10	30.1	0.224	0.199	0.189	0.211	0.175	0.190	0.176	0.190	0.199	0.182	0.188	0.185	0.212	0.278	0.176	0.176	0.195	0.176	0.190	0.194	0.201	0.184	0.190	0.181	0.214	0.203	0.289	0.187	0.183	0.195	0.190	0.197	0.196	0.186	0.178	0.181	0.220	0.229	0.190	0.205	0.250	0.201	0.196	0.183	0.188	0.180	0.200	0.192	0.190	0.191	0.201	0.198	0.178	0.270	0.270	0.203	0.186	0.184	0.182	0.180	0.185	0.185	0.188	0.194	0.191	0.192	0.190	0.283	0.192	0.185	0.196	0.195	0.197	0.209	0.191	0.202	0.187	0.176	0.179	0.186	0.182	0.174	0.183	0.177	0.186	0.195	0.191	0.193	0.193	0.200	0.192	0.180	0.166	0.171	0.178	0.188
0:15:40	30.0	0.224	0.199	0.189	0.210	0.175	0.191	0.176	0.189	0.198	0.182	0.188	0.186	0.212	0.277	0.175	0.176	0.195	0.176	0.190	0.193	0.201	0.183	0.189	0.181	0.213	0.203	0.289	0.187	0.184	0.195	0.189	0.197	0.196	0.186	0.178	0.181	0.220	0.226	0.189	0.204	0.250	0.200	0.196	0.183	0.187	0.180	0.199	0.192	0.189	0.188	0.200	0.198	0.178	0.270	0.269	0.204	0.186	0.183	0.182	0.180	0.185	0.185	0.188	0.195	0.191	0.192	0.189	0.283	0.191	0.183	0.196	0.195	0.196	0.209	0.191	0.202	0.186	0.177	0.180	0.186	0.182	0.174	0.182	0.177	0.186	0.195	0.190	0.193	0.193	0.200	0.192	0.180	0.166	0.171	0.178	0.188
0:17:10	30.1	0.223	0.199	0.189	0.210	0.175	0.190	0.176	0.189	0.198	0.182	0.188	0.185	0.216	0.277	0.175	0.176	0.195	0.176	0.190	0.194	0.201	0.184	0.190	0.180	0.213	0.203	0.289	0.187	0.184	0.194	0.190	0.197	0.196	0.186	0.178	0.181	0.220	0.227	0.189	0.205	0.251	0.200	0.196	0.183	0.188	0.180	0.199	0.192	0.189	0.188	0.200	0.198	0.178	0.270	0.269	0.207	0.186	0.183	0.182	0.180	0.184	0.185	0.187	0.195	0.191	0.192	0.189	0.282	0.191	0.183	0.196	0.195	0.196	0.209	0.191	0.202	0.186	0.177	0.181	0.186	0.183	0.174	0.183	0.176	0.186	0.194	0.190	0.193	0.193	0.200	0.192	0.180	0.166	0.171	0.178	0.188
0:18:40	30.1	0.223	0.198	0.189	0.211	0.175	0.191	0.176	0.190	0.198	0.182	0.188	0.185	0.293	0.294	0.175	0.175	0.195	0.177	0.190	0.193	0.201	0.183	0.188	0.180	0.213	0.203	0.289	0.187	0.185	0.195	0.189	0.196	0.196	0.185	0.178	0.181	0.220	0.227	0.189	0.204	0.245	0.200	0.196	0.183	0.188	0.180	0.199	0.191	0.190	0.188	0.199	0.198	0.179	0.269	0.257	0.206	0.186	0.184	0.182	0.180	0.184	0.185	0.187	0.194	0.191	0.192	0.189	0.285	0.191	0.183	0.196	0.196	0.196	0.209	0.191	0.202	0.186	0.177	0.180	0.186	0.183	0.174	0.183	0.176	0.186	0.194	0.190	0.193	0.193	0.199	0.192	0.180	0.166	0.171	0.178	0.188
0:20:10	30.0	0.223	0.198	0.189	0.211	0.175	0.191	0.176	0.190	0.198	0.182	0.187	0.185	0.302	0.213	0.175	0.176	0.195	0.177	0.190	0.193	0.202	0.183	0.188	0.180	0.213	0.203	0.283	0.187	0.184	0.195	0.190	0.197	0.196	0.186	0.178	0.181	0.219	0.227	0.190	0.233	0.245	0.199	0.196	0.183	0.187	0.180	0.199	0.192	0.190	0.188	0.199	0.198	0.179	0.266	0.252	0.207	0.187	0.183	0.182	0.181	0.184	0.185	0.187	0.200	0.190	0.192	0.189	0.284	0.191	0.183	0.196	0.196	0.196	0.209	0.191	0.201	0.186	0.177	0.180	0.186	0.183	0.174	0.183	0.176	0.186	0.194	0.190	0.193	0.193	0.199	0.192	0.180	0.166	0.171	0.178	0.188
0:21:40	30.1	0.223	0.198	0.189	0.210	0.175	0.191	0.176	0.189	0.198	0.182	0.187	0.185	0.289	0.212	0.175	0.175	0.195	0.177	0.190	0.193	0.201	0.183	0.188	0.180	0.213	0.247	0.289	0.187	0.184	0.194	0.190	0.196	0.196	0.186	0.178	0.181	0.220	0.228	0.189	0.279	0.253	0.200	0.196	0.184	0.187	0.180	0.199	0.191	0.190	0.187	0.199	0.198	0.179	0.262	0.241	0.207	0.186	0.183	0.183	0.180	0.185	0.185	0.186	0.204	0.190	0.192	0.189	0.281	0.191	0.183	0.197	0.196	0.197	0.209	0.191	0.201	0.186	0.177	0.180	0.186	0.183	0.174	0.184	0.176	0.186	0.194	0.190	0.193	0.193	0.199	0.192	0.180	0.166	0.171	0.178	0.188
0:23:10	30.1	0.223	0.198	0.189	0.210	0.175	0.191	0.176	0.190	0.198	0.182	0.188	0.186	0.287	0.212	0.176	0.176	0.194	0.177	0.190	0.194	0.201	0.183	0.189	0.180	0.213	0.285	0.311	0.187	0.185	0.195	0.190	0.196	0.196	0.186	0.178	0.181	0.219	0.229	0.189	0.275	0.266	0.200	0.195	0.183	0.188	0.180	0.199	0.192	0.190	0.190	0.199	0.198	0.179	0.260	0.241	0.206	0.186	0.183	0.182	0.181	0.185	0.184	0.186	0.193	0.190	0.192	0.189	0.278	0.190	0.183	0.196	0.196	0.196	0.209	0.190	0.201	0.186	0.177	0.179	0.186	0.183	0.174	0.183	0.176	0.186	0.194	0.190	0.193	0.192	0.199	0.192	0.180	0.166	0.171	0.178	0.188
0:24:40	30.1	0.223	0.198	0.188	0.210	0.175	0.190	0.176	0.189	0.198	0.182	0.188	0.185	0.285	0.212	0.175	0.175	0.194	0.177	0.190	0.193	0.201	0.183	0.188	0.180	0.213	0.273	0.315	0.186	0.187	0.194	0.189	0.196	0.195	0.185	0.178	0.181	0.219	0.226	0.189	0.271	0.271	0.199	0.195	0.184	0.187	0.180	0.199	0.190	0.190	0.190	0.199	0.199	0.179	0.259	0.240	0.206	0.186	0.183	0.183	0.180	0.184	0.184	0.186	0.198	0.190	0.192	0.189	0.273	0.190	0.183	0.196	0.196	0.197	0.210	0.190	0.201	0.186	0.177	0.180	0.186	0.183	0.174	0.183	0.176	0.186	0.194	0.190	0.192	0.192	0.199	0.191	0.180	0.166	0.171	0.178	0.188

Results
	1	2	3	4	5	6	7	8	9	10	11	12
A	-15.733	-0.600	-0.600	-0.400	0.333	0.267	0.400	-0.533	-0.333	-0.667	-0.533	0.867	Max V [600]
	1.000	1.000	1.000	1.000	1.000	1.000	1.000	1.000	1.000	1.000	1.000	1.000	R-Squared [600]
	0:04:25	0:11:55	0:02:55	0:01:25	0:11:55	0:02:55	0:11:55	0:23:55	0:14:55	0:13:25	0:19:25	0:02:55	t at Max V [600]
	0:02:54	0:08:40	0:01:50	0:00:40	0:09:58	0:01:48	0:10:55	0:22:14	0:11:46	0:13:07	0:15:51	0:02:58	Lagtime [600]
B	51.267	-54.600	-0.667	0.733	-0.467	0.467	0.600	-0.467	-0.467	0.867	-0.867	-0.467	Max V [600]
	1.000	1.000	1.000	1.000	1.000	1.000	1.000	1.000	1.000	1.000	1.000	1.000	R-Squared [600]
	0:17:55	0:19:25	0:04:25	0:02:55	0:02:55	0:19:25	0:05:55	0:14:55	0:01:25	0:07:25	0:17:55	0:02:55	t at Max V [600]
	0:17:08	0:18:59	0:02:55	0:02:35	0:03:27	0:18:53	0:06:30	0:15:27	0:00:40	0:08:17	0:15:05	0:02:10	Lagtime [600]
C	-0.533	29.200	14.800	-8.133	-1.267	-0.733	0.533	-0.467	-0.733	-0.400	0.333	-0.333	Max V [600]
	1.000	1.000	1.000	1.000	1.000	1.000	1.000	1.000	1.000	1.000	1.000	1.000	R-Squared [600]
	0:04:25	0:20:55	0:22:25	0:01:25	0:02:55	0:16:25	0:01:25	0:08:55	0:07:25	0:10:25	0:10:25	0:02:55	t at Max V [600]
	0:02:33	0:20:11	0:21:55	0:00:40	0:02:15	0:12:32	0:00:40	0:05:23	0:05:02	0:09:10	0:09:40	0:03:04	Lagtime [600]
D	0.533	-1.667	-0.467	30.667	8.533	-0.600	-0.467	-0.467	-0.600	-0.467	0.333	-0.733	Max V [600]
	1.000	1.000	1.000	1.000	1.000	1.000	1.000	1.000	1.000	1.000	1.000	1.000	R-Squared [600]
	0:08:55	0:23:55	0:20:55	0:20:55	0:22:25	0:23:55	0:04:25	0:01:25	0:19:25	0:13:25	0:07:25	0:23:55	t at Max V [600]
	0:11:55	0:24:40	0:16:31	0:19:21	0:20:42	0:19:20	0:03:01	0:00:40	0:16:30	0:11:10	0:09:04	0:19:45	Lagtime [600]
E	-0.400	-2.467	-0.800	-0.333	0.267	-3.000	-8.133	2.200	-0.467	-0.400	-0.800	-0.400	Max V [600]
	1.000	1.000	1.000	1.000	1.000	1.000	1.000	1.000	1.000	1.000	1.000	1.000	R-Squared [600]
	0:01:25	0:01:25	0:08:55	0:01:25	0:16:25	0:20:55	0:17:55	0:16:25	0:07:25	0:19:25	0:02:55	0:01:25	t at Max V [600]
	0:00:40	0:00:40	0:06:18	0:00:40	0:17:55	0:20:00	0:15:37	0:15:59	0:07:06	0:19:25	0:03:25	0:00:40	Lagtime [600]
F	-0.733	-0.733	-0.667	-7.667	-0.600	-0.333	-0.400	-2.867	-0.800	-0.800	-0.800	-0.467	Max V [600]
	1.000	1.000	1.000	1.000	1.000	1.000	1.000	1.000	1.000	1.000	1.000	1.000	R-Squared [600]
	0:04:25	0:01:25	0:16:25	0:22:25	0:01:25	0:02:55	0:10:25	0:23:55	0:02:55	0:14:55	0:07:25	0:13:25	t at Max V [600]
	0:03:24	0:00:40	0:11:37	0:22:47	0:00:40	0:01:16	0:08:25	0:20:37	0:01:18	0:13:33	0:08:33	0:13:06	Lagtime [600]
G	-0.467	-0.333	1.867	-1.067	-0.733	-0.467	0.667	0.467	0.533	0.533	-0.600	-0.533	Max V [600]
	1.000	1.000	1.000	1.000	1.000	1.000	1.000	1.000	1.000	1.000	1.000	1.000	R-Squared [600]
	0:04:25	0:10:25	0:04:25	0:02:55	0:01:25	0:01:25	0:16:25	0:22:25	0:16:25	0:07:25	0:22:25	0:16:25	t at Max V [600]
	0:01:57	0:09:22	0:03:59	0:01:31	0:00:40	0:00:40	0:15:04	0:19:57	0:16:03	0:06:40	0:21:30	0:16:59	Lagtime [600]
H	-0.200	-0.200	-0.267	-0.333	-0.333	-0.200	-0.133	0.067	-0.133	-0.067	-0.133	-0.133	Max V [600]
	1.000	1.000	1.000	1.000	1.000	1.000	1.000	1.000	1.000	1.000	1.000	1.000	R-Squared [600]
	0:04:25	0:02:55	0:02:55	0:04:25	0:04:25	0:10:25	0:02:55	0:01:25	0:22:25	0:23:55	0:23:55	0:04:25	t at Max V [600]
	0:01:40	0:01:40	0:01:03	0:01:52	0:01:52	0:03:40	0:01:25	0:00:40	?????	0:21:40	0:20:10	0:02:55	Lagtime [600]

