Time	T° 600	A3	A4	A5	A6	A7	A8	A9	A10	B3	B4	B5	B6	B7	B8	B9	B10	C3	C4	C5	C6	C7	C8	C9	C10	D3	D4	D5	D6	D7	D8	D9	D10	E3	E4	E5	E6	E7	E8	E9	E10	F3	F4	F5	F6	F7	F8	F9	F10	G3	G4	G5	G6	G7	G8	G9	G10	H3	H4	H5	H6	H7	H8	H9	H10
0:02:10	37.1	0.232	0.277	0.250	0.260	0.189	0.200	0.237	0.207	0.109	0.199	0.227	0.268	0.220	0.198	0.206	0.206	0.197	0.277	0.223	0.176	0.190	0.312	0.233	0.254	0.233	0.252	0.142	0.240	0.287	0.223	0.261	0.172	0.176	0.196	0.243	0.180	0.248	0.210	0.220	0.127	0.208	0.228	0.153	0.173	0.241	0.228	0.263	0.238	0.215	0.246	0.243	0.127	0.207	0.270	0.263	0.263	0.213	0.268	0.199	0.200	0.110	0.219	0.195	0.211
0:05:10	37.0	0.225	0.267	0.237	0.239	0.156	0.192	0.226	0.200	0.109	0.198	0.223	0.261	0.209	0.181	0.196	0.198	0.194	0.274	0.222	0.173	0.188	0.305	0.228	0.249	0.230	0.250	0.137	0.237	0.286	0.218	0.258	0.170	0.175	0.195	0.242	0.177	0.248	0.206	0.214	0.123	0.205	0.227	0.144	0.163	0.235	0.225	0.259	0.230	0.213	0.245	0.241	0.123	0.205	0.265	0.250	0.255	0.211	0.265	0.196	0.197	0.110	0.218	0.194	0.210
0:08:10	37.0	0.225	0.265	0.237	0.242	0.159	0.197	0.229	0.199	0.111	0.199	0.221	0.256	0.202	0.175	0.191	0.197	0.193	0.274	0.221	0.170	0.185	0.304	0.223	0.246	0.228	0.248	0.136	0.236	0.284	0.215	0.256	0.168	0.174	0.195	0.242	0.178	0.247	0.205	0.209	0.121	0.204	0.222	0.143	0.158	0.233	0.225	0.256	0.226	0.212	0.246	0.243	0.122	0.205	0.263	0.242	0.250	0.212	0.265	0.194	0.195	0.109	0.218	0.195	0.209
0:11:10	37.0	0.224	0.264	0.237	0.245	0.161	0.197	0.229	0.199	0.111	0.197	0.221	0.254	0.200	0.173	0.190	0.196	0.193	0.273	0.220	0.169	0.186	0.296	0.220	0.245	0.227	0.246	0.137	0.234	0.284	0.214	0.254	0.168	0.175	0.195	0.243	0.178	0.246	0.203	0.207	0.121	0.203	0.218	0.143	0.157	0.233	0.228	0.254	0.224	0.212	0.245	0.243	0.121	0.203	0.260	0.241	0.249	0.212	0.265	0.192	0.195	0.117	0.218	0.194	0.209
0:14:10	37.1	0.224	0.264	0.236	0.248	0.165	0.197	0.230	0.198	0.113	0.196	0.221	0.255	0.199	0.172	0.190	0.196	0.193	0.273	0.220	0.168	0.186	0.293	0.219	0.244	0.227	0.245	0.139	0.233	0.283	0.214	0.254	0.168	0.175	0.194	0.243	0.178	0.246	0.203	0.206	0.121	0.203	0.218	0.143	0.159	0.234	0.233	0.253	0.223	0.211	0.245	0.242	0.121	0.201	0.259	0.241	0.248	0.212	0.265	0.191	0.194	0.112	0.219	0.194	0.209
0:17:10	37.0	0.224	0.264	0.236	0.248	0.169	0.198	0.232	0.199	0.113	0.197	0.222	0.258	0.199	0.171	0.189	0.195	0.194	0.274	0.220	0.168	0.187	0.294	0.219	0.244	0.227	0.245	0.140	0.233	0.283	0.214	0.256	0.168	0.176	0.194	0.242	0.179	0.246	0.203	0.205	0.122	0.203	0.215	0.142	0.161	0.237	0.235	0.253	0.224	0.210	0.245	0.243	0.121	0.201	0.261	0.244	0.249	0.212	0.266	0.190	0.193	0.110	0.219	0.196	0.209
0:20:10	37.0	0.224	0.264	0.236	0.250	0.172	0.200	0.232	0.199	0.113	0.197	0.222	0.255	0.199	0.171	0.190	0.197	0.194	0.275	0.220	0.168	0.186	0.292	0.219	0.243	0.228	0.245	0.140	0.232	0.283	0.214	0.257	0.168	0.175	0.195	0.242	0.178	0.246	0.204	0.204	0.123	0.203	0.216	0.142	0.161	0.238	0.237	0.254	0.224	0.210	0.246	0.243	0.122	0.202	0.262	0.245	0.250	0.212	0.266	0.189	0.193	0.111	0.220	0.196	0.210
0:23:10	37.1	0.224	0.264	0.238	0.251	0.176	0.202	0.233	0.201	0.115	0.197	0.222	0.257	0.199	0.171	0.192	0.197	0.194	0.275	0.220	0.168	0.189	0.293	0.220	0.244	0.228	0.247	0.141	0.232	0.283	0.215	0.258	0.169	0.175	0.195	0.242	0.179	0.245	0.204	0.204	0.123	0.203	0.214	0.143	0.163	0.239	0.238	0.254	0.225	0.210	0.247	0.244	0.123	0.203	0.264	0.249	0.251	0.212	0.266	0.189	0.193	0.119	0.220	0.195	0.210
0:26:10	37.0	0.225	0.265	0.239	0.253	0.183	0.205	0.235	0.202	0.116	0.197	0.222	0.257	0.199	0.172	0.193	0.198	0.194	0.276	0.221	0.170	0.190	0.297	0.221	0.244	0.229	0.247	0.143	0.235	0.284	0.216	0.260	0.170	0.176	0.195	0.242	0.179	0.245	0.204	0.203	0.125	0.203	0.215	0.145	0.164	0.240	0.240	0.256	0.228	0.209	0.247	0.245	0.125	0.205	0.267	0.251	0.259	0.212	0.267	0.188	0.193	0.117	0.221	0.196	0.210
0:29:10	37.1	0.227	0.265	0.240	0.260	0.187	0.207	0.239	0.205	0.113	0.198	0.223	0.257	0.200	0.172	0.194	0.198	0.195	0.277	0.222	0.171	0.192	0.298	0.222	0.245	0.230	0.248	0.146	0.236	0.285	0.217	0.261	0.170	0.175	0.193	0.242	0.180	0.246	0.205	0.204	0.126	0.204	0.215	0.146	0.167	0.242	0.242	0.258	0.230	0.209	0.248	0.247	0.127	0.206	0.270	0.255	0.260	0.211	0.268	0.188	0.193	0.120	0.223	0.197	0.210
0:32:10	37.0	0.228	0.266	0.241	0.264	0.196	0.212	0.244	0.208	0.116	0.198	0.223	0.259	0.200	0.173	0.195	0.199	0.196	0.278	0.223	0.171	0.194	0.305	0.224	0.245	0.231	0.250	0.148	0.238	0.287	0.218	0.262	0.171	0.176	0.192	0.242	0.179	0.246	0.205	0.204	0.128	0.203	0.215	0.148	0.169	0.243	0.243	0.261	0.232	0.209	0.249	0.249	0.130	0.208	0.272	0.260	0.262	0.212	0.267	0.188	0.194	0.114	0.223	0.198	0.212
0:35:10	37.0	0.230	0.268	0.245	0.271	0.209	0.220	0.252	0.212	0.116	0.198	0.226	0.258	0.201	0.174	0.196	0.201	0.197	0.278	0.224	0.172	0.195	0.302	0.225	0.246	0.232	0.251	0.152	0.239	0.289	0.220	0.264	0.173	0.176	0.192	0.242	0.180	0.247	0.206	0.204	0.129	0.204	0.216	0.151	0.171	0.245	0.243	0.265	0.234	0.208	0.251	0.251	0.133	0.212	0.275	0.263	0.263	0.211	0.267	0.189	0.195	0.121	0.225	0.199	0.212
0:38:10	37.0	0.232	0.271	0.249	0.279	0.221	0.229	0.259	0.217	0.117	0.199	0.226	0.261	0.202	0.175	0.198	0.203	0.198	0.280	0.225	0.172	0.199	0.306	0.228	0.247	0.234	0.253	0.156	0.243	0.291	0.222	0.266	0.174	0.176	0.192	0.242	0.181	0.246	0.208	0.205	0.131	0.205	0.217	0.154	0.175	0.246	0.244	0.269	0.237	0.208	0.252	0.256	0.138	0.215	0.280	0.270	0.267	0.211	0.269	0.189	0.195	0.123	0.226	0.200	0.213
0:41:10	37.0	0.235	0.274	0.254	0.287	0.232	0.237	0.266	0.223	0.117	0.199	0.226	0.260	0.203	0.176	0.199	0.204	0.199	0.280	0.226	0.174	0.200	0.309	0.229	0.248	0.236	0.255	0.160	0.245	0.293	0.224	0.269	0.175	0.176	0.192	0.243	0.181	0.247	0.209	0.205	0.133	0.206	0.218	0.157	0.177	0.247	0.244	0.273	0.240	0.208	0.254	0.259	0.141	0.219	0.286	0.276	0.270	0.213	0.270	0.189	0.197	0.124	0.227	0.201	0.214
0:44:10	37.0	0.239	0.278	0.261	0.294	0.242	0.249	0.274	0.229	0.118	0.200	0.227	0.263	0.204	0.177	0.201	0.206	0.200	0.282	0.227	0.176	0.204	0.312	0.231	0.249	0.237	0.258	0.165	0.248	0.297	0.227	0.275	0.177	0.177	0.192	0.243	0.180	0.246	0.209	0.206	0.135	0.206	0.221	0.160	0.180	0.249	0.245	0.277	0.243	0.207	0.256	0.263	0.146	0.224	0.291	0.281	0.273	0.212	0.268	0.190	0.200	0.126	0.228	0.203	0.214
0:47:10	37.0	0.243	0.282	0.266	0.300	0.249	0.256	0.281	0.234	0.119	0.201	0.229	0.262	0.206	0.179	0.204	0.208	0.201	0.283	0.228	0.177	0.204	0.316	0.234	0.250	0.240	0.261	0.170	0.251	0.300	0.229	0.276	0.178	0.177	0.192	0.243	0.182	0.247	0.210	0.206	0.137	0.207	0.223	0.163	0.183	0.251	0.245	0.280	0.247	0.207	0.257	0.266	0.150	0.229	0.297	0.287	0.276	0.211	0.269	0.191	0.199	0.127	0.231	0.205	0.216
0:50:10	37.1	0.250	0.289	0.275	0.311	0.261	0.265	0.289	0.242	0.119	0.201	0.230	0.264	0.206	0.180	0.206	0.210	0.201	0.284	0.230	0.179	0.207	0.325	0.237	0.252	0.243	0.265	0.175	0.255	0.302	0.233	0.280	0.179	0.178	0.192	0.243	0.182	0.248	0.212	0.207	0.141	0.208	0.225	0.166	0.186	0.252	0.247	0.285	0.250	0.206	0.258	0.270	0.155	0.233	0.302	0.295	0.280	0.212	0.269	0.192	0.200	0.122	0.231	0.206	0.217
0:53:10	37.0	0.257	0.294	0.280	0.319	0.271	0.274	0.300	0.250	0.120	0.202	0.231	0.264	0.208	0.182	0.211	0.213	0.203	0.286	0.232	0.182	0.210	0.321	0.240	0.254	0.246	0.268	0.178	0.258	0.304	0.236	0.283	0.182	0.177	0.192	0.243	0.183	0.248	0.214	0.209	0.144	0.209	0.228	0.169	0.189	0.254	0.246	0.289	0.251	0.206	0.258	0.273	0.160	0.238	0.309	0.303	0.284	0.212	0.271	0.192	0.202	0.128	0.232	0.209	0.217
0:56:10	37.1	0.262	0.301	0.287	0.328	0.283	0.285	0.310	0.259	0.119	0.203	0.232	0.266	0.211	0.185	0.215	0.218	0.205	0.287	0.233	0.183	0.215	0.329	0.244	0.255	0.249	0.271	0.180	0.260	0.306	0.238	0.286	0.184	0.177	0.192	0.244	0.185	0.249	0.216	0.211	0.148	0.209	0.232	0.171	0.193	0.256	0.247	0.294	0.255	0.206	0.260	0.277	0.161	0.244	0.316	0.311	0.290	0.214	0.273	0.193	0.204	0.128	0.234	0.211	0.219
0:59:10	37.0	0.269	0.308	0.293	0.350	0.277	0.293	0.317	0.269	0.121	0.204	0.234	0.268	0.214	0.186	0.219	0.222	0.206	0.288	0.235	0.186	0.217	0.340	0.248	0.259	0.253	0.273	0.181	0.262	0.306	0.240	0.288	0.186	0.178	0.193	0.244	0.184	0.250	0.217	0.213	0.156	0.214	0.235	0.174	0.198	0.259	0.249	0.298	0.257	0.205	0.261	0.280	0.164	0.249	0.324	0.316	0.293	0.215	0.272	0.194	0.206	0.124	0.236	0.211	0.220
1:02:10	37.1	0.275	0.314	0.295	0.352	0.292	0.309	0.327	0.278	0.121	0.205	0.235	0.270	0.218	0.189	0.225	0.228	0.207	0.289	0.236	0.187	0.218	0.338	0.251	0.260	0.254	0.273	0.178	0.261	0.305	0.242	0.290	0.187	0.178	0.194	0.245	0.185	0.250	0.219	0.215	0.158	0.215	0.237	0.177	0.202	0.260	0.248	0.298	0.261	0.206	0.261	0.282	0.166	0.253	0.330	0.324	0.297	0.216	0.275	0.195	0.207	0.126	0.236	0.213	0.222
1:05:10	37.0	0.283	0.320	0.309	0.363	0.308	0.305	0.338	0.290	0.123	0.207	0.238	0.272	0.222	0.192	0.230	0.234	0.210	0.291	0.237	0.189	0.221	0.339	0.255	0.263	0.256	0.274	0.179	0.262	0.302	0.243	0.291	0.189	0.178	0.193	0.246	0.186	0.251	0.225	0.219	0.165	0.216	0.240	0.180	0.208	0.265	0.250	0.304	0.263	0.206	0.262	0.281	0.168	0.257	0.341	0.329	0.302	0.216	0.275	0.196	0.210	0.127	0.240	0.215	0.223
1:08:10	37.0	0.288	0.327	0.313	0.344	0.308	0.325	0.331	0.298	0.125	0.208	0.238	0.275	0.225	0.195	0.235	0.240	0.212	0.291	0.238	0.190	0.222	0.343	0.258	0.266	0.257	0.275	0.176	0.262	0.300	0.243	0.292	0.194	0.180	0.195	0.246	0.188	0.252	0.230	0.222	0.171	0.221	0.244	0.184	0.214	0.268	0.252	0.308	0.267	0.206	0.261	0.281	0.169	0.259	0.348	0.334	0.305	0.218	0.276	0.199	0.210	0.128	0.244	0.218	0.224
1:11:10	37.0	0.298	0.337	0.319	0.358	0.310	0.318	0.343	0.308	0.127	0.209	0.240	0.277	0.229	0.197	0.239	0.243	0.213	0.292	0.239	0.191	0.225	0.349	0.260	0.267	0.259	0.274	0.174	0.261	0.299	0.243	0.292	0.196	0.180	0.194	0.247	0.189	0.253	0.231	0.226	0.178	0.222	0.245	0.186	0.220	0.271	0.255	0.310	0.267	0.206	0.262	0.279	0.167	0.260	0.356	0.341	0.309	0.219	0.279	0.199	0.214	0.136	0.246	0.218	0.226
1:14:10	37.0	0.307	0.348	0.320	0.360	0.316	0.331	0.338	0.318	0.129	0.211	0.240	0.280	0.234	0.200	0.247	0.251	0.213	0.293	0.241	0.193	0.226	0.350	0.263	0.273	0.261	0.275	0.176	0.262	0.298	0.244	0.294	0.198	0.180	0.195	0.249	0.190	0.255	0.237	0.231	0.189	0.223	0.248	0.192	0.227	0.277	0.258	0.314	0.271	0.206	0.261	0.276	0.165	0.259	0.362	0.343	0.310	0.220	0.278	0.200	0.216	0.138	0.241	0.218	0.228
1:17:10	37.0	0.317	0.354	0.331	0.367	0.331	0.344	0.338	0.325	0.131	0.212	0.244	0.284	0.235	0.203	0.250	0.257	0.214	0.296	0.242	0.194	0.228	0.354	0.264	0.272	0.261	0.275	0.176	0.262	0.295	0.245	0.295	0.199	0.182	0.195	0.249	0.192	0.256	0.238	0.236	0.198	0.225	0.249	0.196	0.234	0.281	0.262	0.317	0.273	0.205	0.263	0.274	0.166	0.257	0.366	0.348	0.308	0.221	0.280	0.202	0.212	0.136	0.247	0.218	0.230
1:20:10	37.0	0.314	0.362	0.322	0.390	0.386	0.361	0.343	0.331	0.135	0.214	0.246	0.287	0.239	0.206	0.258	0.263	0.215	0.296	0.244	0.197	0.230	0.356	0.267	0.275	0.262	0.275	0.175	0.263	0.297	0.246	0.298	0.201	0.181	0.196	0.250	0.193	0.259	0.245	0.242	0.207	0.230	0.254	0.204	0.242	0.287	0.267	0.321	0.277	0.203	0.265	0.269	0.165	0.255	0.368	0.348	0.306	0.223	0.285	0.205	0.216	0.133	0.252	0.219	0.232
1:23:10	37.0	0.319	0.362	0.332	0.392	0.368	0.363	0.359	0.338	0.134	0.217	0.250	0.291	0.243	0.210	0.265	0.270	0.217	0.299	0.247	0.200	0.233	0.353	0.269	0.278	0.264	0.276	0.178	0.265	0.298	0.250	0.301	0.205	0.184	0.198	0.253	0.195	0.262	0.251	0.248	0.217	0.234	0.258	0.214	0.247	0.293	0.272	0.329	0.282	0.203	0.265	0.270	0.166	0.255	0.368	0.345	0.307	0.223	0.286	0.205	0.217	0.142	0.250	0.219	0.233
1:26:10	37.1	0.322	0.371	0.348	0.418	0.404	0.396	0.392	0.343	0.136	0.218	0.254	0.295	0.245	0.215	0.268	0.277	0.219	0.302	0.248	0.205	0.234	0.353	0.270	0.279	0.263	0.278	0.178	0.264	0.296	0.254	0.303	0.207	0.183	0.198	0.254	0.198	0.263	0.255	0.254	0.224	0.236	0.262	0.222	0.259	0.300	0.279	0.333	0.287	0.205	0.266	0.265	0.167	0.252	0.369	0.341	0.300	0.225	0.287	0.208	0.222	0.145	0.251	0.221	0.239
1:29:10	37.0	0.337	0.378	0.374	0.451	0.406	0.414	0.393	0.345	0.137	0.221	0.258	0.301	0.249	0.221	0.277	0.286	0.222	0.302	0.252	0.211	0.241	0.351	0.277	0.283	0.264	0.280	0.177	0.268	0.299	0.261	0.305	0.209	0.185	0.199	0.255	0.200	0.266	0.262	0.262	0.229	0.240	0.268	0.230	0.271	0.306	0.284	0.337	0.291	0.203	0.272	0.263	0.170	0.251	0.366	0.343	0.296	0.226	0.288	0.210	0.220	0.145	0.256	0.220	0.236
1:32:10	37.0	0.347	0.390	0.402	0.457	0.434	0.427	0.445	0.348	0.142	0.225	0.264	0.304	0.250	0.228	0.284	0.297	0.225	0.304	0.257	0.218	0.245	0.350	0.284	0.283	0.264	0.282	0.181	0.271	0.302	0.266	0.308	0.210	0.187	0.199	0.256	0.202	0.269	0.265	0.268	0.239	0.244	0.275	0.240	0.281	0.313	0.291	0.339	0.298	0.204	0.274	0.263	0.173	0.250	0.362	0.338	0.293	0.228	0.291	0.211	0.221	0.145	0.256	0.221	0.240
1:35:10	37.0	0.361	0.397	0.432	0.455	0.427	0.420	0.440	0.354	0.145	0.229	0.267	0.306	0.250	0.230	0.289	0.299	0.227	0.307	0.258	0.221	0.250	0.344	0.289	0.286	0.263	0.282	0.179	0.271	0.303	0.268	0.310	0.211	0.187	0.203	0.258	0.204	0.272	0.270	0.274	0.249	0.245	0.280	0.245	0.284	0.318	0.297	0.342	0.301	0.205	0.269	0.265	0.174	0.249	0.352	0.335	0.291	0.230	0.293	0.211	0.222	0.145	0.259	0.221	0.239
1:38:10	37.0	0.367	0.425	0.407	0.480	0.467	0.460	0.436	0.357	0.145	0.231	0.272	0.306	0.252	0.237	0.295	0.305	0.230	0.308	0.262	0.223	0.258	0.353	0.291	0.286	0.262	0.283	0.179	0.272	0.308	0.268	0.310	0.211	0.188	0.203	0.260	0.205	0.275	0.274	0.277	0.255	0.248	0.286	0.242	0.293	0.326	0.304	0.342	0.307	0.204	0.271	0.265	0.176	0.248	0.349	0.329	0.287	0.231	0.296	0.215	0.226	0.146	0.258	0.221	0.252
1:41:10	37.0	0.420	0.449	0.434	0.486	0.487	0.469	0.434	0.386	0.146	0.234	0.275	0.307	0.254	0.242	0.305	0.313	0.234	0.311	0.266	0.228	0.264	0.349	0.291	0.289	0.262	0.283	0.182	0.273	0.309	0.269	0.309	0.213	0.190	0.204	0.261	0.207	0.279	0.277	0.282	0.264	0.251	0.291	0.254	0.302	0.333	0.313	0.347	0.315	0.203	0.271	0.269	0.179	0.246	0.343	0.322	0.288	0.232	0.296	0.213	0.225	0.149	0.259	0.221	0.240
1:44:10	37.0	0.415	0.457	0.439	0.523	0.495	0.501	0.476	0.394	0.152	0.236	0.276	0.307	0.256	0.249	0.315	0.320	0.235	0.313	0.273	0.229	0.265	0.349	0.292	0.292	0.263	0.281	0.186	0.276	0.311	0.269	0.313	0.214	0.189	0.203	0.264	0.210	0.281	0.276	0.297	0.270	0.252	0.295	0.258	0.314	0.341	0.320	0.355	0.319	0.203	0.272	0.271	0.184	0.246	0.334	0.314	0.284	0.234	0.296	0.221	0.229	0.153	0.263	0.226	0.241
1:47:10	37.0	0.429	0.458	0.448	0.548	0.515	0.526	0.489	0.438	0.154	0.237	0.276	0.306	0.259	0.257	0.329	0.328	0.238	0.313	0.276	0.231	0.267	0.360	0.290	0.294	0.263	0.287	0.188	0.278	0.315	0.272	0.315	0.211	0.191	0.205	0.265	0.211	0.282	0.278	0.306	0.280	0.254	0.296	0.255	0.306	0.350	0.325	0.367	0.329	0.203	0.272	0.278	0.187	0.246	0.326	0.308	0.286	0.234	0.300	0.224	0.234	0.155	0.267	0.228	0.253
1:50:10	37.1	0.430	0.463	0.499	0.563	0.544	0.546	0.517	0.435	0.155	0.237	0.277	0.306	0.261	0.266	0.335	0.329	0.241	0.317	0.278	0.231	0.270	0.363	0.292	0.300	0.263	0.292	0.200	0.297	0.320	0.280	0.317	0.214	0.192	0.206	0.265	0.211	0.285	0.279	0.322	0.287	0.255	0.296	0.256	0.303	0.361	0.331	0.362	0.325	0.202	0.273	0.281	0.198	0.248	0.320	0.302	0.288	0.236	0.298	0.228	0.227	0.158	0.271	0.235	0.256
1:53:10	37.0	0.440	0.472	0.510	0.577	0.531	0.549	0.538	0.441	0.153	0.236	0.278	0.306	0.264	0.270	0.329	0.333	0.244	0.319	0.283	0.233	0.272	0.371	0.304	0.300	0.265	0.295	0.200	0.304	0.321	0.285	0.323	0.214	0.193	0.207	0.267	0.212	0.288	0.290	0.319	0.323	0.259	0.303	0.272	0.325	0.370	0.338	0.378	0.331	0.208	0.282	0.283	0.205	0.255	0.311	0.294	0.289	0.238	0.298	0.229	0.243	0.158	0.274	0.235	0.242
1:56:10	37.0	0.454	0.495	0.520	0.590	0.545	0.568	0.551	0.453	0.156	0.237	0.278	0.305	0.264	0.275	0.333	0.348	0.252	0.322	0.286	0.240	0.277	0.370	0.314	0.309	0.267	0.304	0.200	0.310	0.329	0.295	0.332	0.212	0.194	0.207	0.267	0.213	0.291	0.300	0.322	0.334	0.263	0.299	0.302	0.333	0.380	0.345	0.425	0.340	0.207	0.280	0.285	0.206	0.254	0.314	0.308	0.292	0.241	0.302	0.234	0.249	0.166	0.282	0.243	0.244
1:59:10	37.1	0.473	0.514	0.547	0.604	0.559	0.586	0.561	0.463	0.156	0.235	0.275	0.305	0.264	0.293	0.350	0.353	0.255	0.324	0.286	0.244	0.291	0.380	0.346	0.320	0.272	0.316	0.220	0.325	0.334	0.313	0.361	0.213	0.196	0.209	0.267	0.213	0.294	0.309	0.331	0.366	0.268	0.318	0.335	0.377	0.383	0.353	0.403	0.373	0.207	0.283	0.291	0.210	0.258	0.325	0.294	0.294	0.246	0.301	0.237	0.257	0.172	0.289	0.251	0.247
2:02:10	37.0	0.510	0.534	0.563	0.603	0.582	0.593	0.583	0.504	0.160	0.237	0.276	0.306	0.264	0.314	0.356	0.383	0.261	0.324	0.289	0.242	0.285	0.395	0.347	0.323	0.279	0.330	0.240	0.332	0.347	0.331	0.361	0.218	0.195	0.207	0.266	0.216	0.295	0.313	0.370	0.374	0.267	0.353	0.327	0.387	0.396	0.391	0.430	0.379	0.204	0.290	0.298	0.224	0.263	0.330	0.336	0.298	0.250	0.308	0.248	0.268	0.182	0.294	0.256	0.256
2:05:10	37.1	0.519	0.583	0.575	0.625	0.593	0.622	0.594	0.530	0.157	0.235	0.276	0.306	0.280	0.308	0.377	0.395	0.262	0.327	0.294	0.246	0.296	0.415	0.358	0.336	0.290	0.339	0.263	0.344	0.350	0.342	0.376	0.225	0.196	0.209	0.268	0.216	0.299	0.318	0.380	0.378	0.272	0.359	0.346	0.391	0.444	0.418	0.421	0.407	0.207	0.294	0.299	0.236	0.260	0.331	0.357	0.308	0.250	0.314	0.252	0.276	0.188	0.302	0.268	0.263
2:08:10	37.1	0.560	0.596	0.587	0.628	0.621	0.644	0.607	0.542	0.159	0.236	0.275	0.307	0.292	0.348	0.401	0.431	0.268	0.335	0.294	0.254	0.325	0.429	0.374	0.369	0.308	0.367	0.264	0.368	0.377	0.369	0.411	0.230	0.198	0.211	0.268	0.218	0.303	0.340	0.400	0.393	0.277	0.377	0.389	0.421	0.446	0.428	0.459	0.396	0.207	0.298	0.306	0.235	0.286	0.340	0.355	0.320	0.252	0.320	0.262	0.280	0.196	0.306	0.274	0.265
2:11:10	37.1	0.571	0.594	0.607	0.637	0.657	0.661	0.607	0.544	0.162	0.237	0.277	0.309	0.295	0.349	0.409	0.417	0.275	0.336	0.307	0.270	0.342	0.440	0.423	0.353	0.316	0.395	0.290	0.386	0.399	0.390	0.393	0.241	0.199	0.210	0.268	0.220	0.313	0.354	0.412	0.413	0.280	0.389	0.397	0.435	0.460	0.443	0.466	0.413	0.209	0.305	0.310	0.240	0.305	0.343	0.377	0.327	0.255	0.320	0.263	0.288	0.202	0.311	0.279	0.269
2:14:10	37.0	0.565	0.618	0.610	0.659	0.645	0.644	0.615	0.581	0.163	0.238	0.279	0.314	0.301	0.355	0.413	0.446	0.281	0.340	0.314	0.283	0.375	0.445	0.415	0.364	0.317	0.405	0.304	0.421	0.412	0.420	0.446	0.251	0.200	0.212	0.270	0.220	0.317	0.352	0.421	0.440	0.284	0.427	0.403	0.446	0.459	0.469	0.467	0.415	0.213	0.311	0.320	0.260	0.315	0.365	0.404	0.337	0.258	0.314	0.275	0.293	0.213	0.316	0.281	0.282
2:17:10	37.0	0.594	0.631	0.631	0.690	0.649	0.663	0.644	0.613	0.162	0.240	0.282	0.323	0.305	0.406	0.444	0.442	0.286	0.346	0.333	0.302	0.376	0.477	0.431	0.398	0.333	0.420	0.331	0.422	0.438	0.407	0.434	0.266	0.201	0.211	0.269	0.221	0.332	0.376	0.430	0.481	0.294	0.412	0.405	0.445	0.475	0.456	0.479	0.446	0.210	0.315	0.325	0.271	0.333	0.380	0.420	0.359	0.263	0.331	0.283	0.310	0.220	0.328	0.301	0.287
2:20:10	37.0	0.600	0.634	0.636	0.690	0.661	0.664	0.638	0.601	0.165	0.242	0.283	0.325	0.343	0.413	0.441	0.456	0.295	0.353	0.343	0.325	0.382	0.492	0.443	0.422	0.354	0.432	0.375	0.439	0.459	0.421	0.451	0.274	0.202	0.215	0.270	0.223	0.344	0.384	0.437	0.488	0.298	0.431	0.406	0.461	0.489	0.462	0.479	0.454	0.210	0.316	0.341	0.286	0.360	0.378	0.418	0.368	0.269	0.336	0.294	0.325	0.224	0.338	0.315	0.290
2:23:10	37.0	0.630	0.630	0.642	0.706	0.670	0.681	0.678	0.598	0.172	0.244	0.288	0.338	0.333	0.405	0.442	0.463	0.308	0.360	0.347	0.367	0.381	0.504	0.445	0.431	0.369	0.430	0.360	0.440	0.446	0.438	0.481	0.279	0.202	0.215	0.272	0.226	0.343	0.404	0.449	0.509	0.313	0.445	0.425	0.457	0.489	0.472	0.488	0.460	0.211	0.326	0.351	0.352	0.352	0.403	0.426	0.384	0.277	0.342	0.299	0.343	0.239	0.353	0.323	0.296
2:26:10	37.1	0.605	0.648	0.649	0.706	0.674	0.698	0.691	0.617	0.176	0.247	0.297	0.346	0.352	0.425	0.457	0.474	0.317	0.372	0.365	0.391	0.417	0.499	0.463	0.446	0.403	0.469	0.388	0.452	0.464	0.457	0.476	0.291	0.205	0.215	0.272	0.229	0.365	0.426	0.468	0.534	0.322	0.452	0.432	0.478	0.500	0.481	0.494	0.467	0.213	0.337	0.347	0.323	0.395	0.438	0.430	0.381	0.291	0.361	0.310	0.350	0.253	0.360	0.330	0.306
2:29:10	37.0	0.628	0.645	0.670	0.739	0.683	0.697	0.696	0.636	0.181	0.251	0.300	0.360	0.388	0.427	0.469	0.484	0.323	0.375	0.368	0.388	0.437	0.503	0.462	0.461	0.419	0.466	0.403	0.463	0.479	0.460	0.484	0.314	0.208	0.218	0.273	0.231	0.377	0.425	0.499	0.546	0.343	0.458	0.444	0.491	0.521	0.497	0.486	0.476	0.214	0.347	0.374	0.388	0.404	0.430	0.451	0.426	0.307	0.370	0.321	0.374	0.262	0.366	0.347	0.317
2:32:10	37.0	0.663	0.670	0.667	0.738	0.717	0.700	0.698	0.652	0.189	0.255	0.303	0.364	0.406	0.436	0.459	0.480	0.333	0.386	0.409	0.390	0.441	0.510	0.461	0.472	0.401	0.465	0.407	0.469	0.481	0.466	0.487	0.325	0.210	0.223	0.277	0.235	0.411	0.429	0.523	0.549	0.375	0.469	0.463	0.502	0.495	0.495	0.516	0.485	0.213	0.361	0.392	0.357	0.406	0.428	0.445	0.415	0.319	0.377	0.330	0.386	0.276	0.394	0.358	0.328
2:35:10	37.0	0.654	0.682	0.683	0.729	0.702	0.701	0.703	0.661	0.194	0.260	0.318	0.367	0.405	0.453	0.472	0.517	0.339	0.397	0.400	0.401	0.444	0.505	0.471	0.470	0.432	0.471	0.418	0.462	0.489	0.484	0.501	0.356	0.214	0.228	0.281	0.239	0.424	0.442	0.538	0.590	0.396	0.479	0.477	0.499	0.516	0.495	0.530	0.493	0.212	0.371	0.415	0.363	0.427	0.465	0.459	0.425	0.325	0.387	0.344	0.407	0.281	0.393	0.357	0.335
2:38:10	37.0	0.696	0.690	0.698	0.708	0.679	0.675	0.720	0.673	0.203	0.264	0.330	0.385	0.419	0.456	0.503	0.491	0.369	0.436	0.439	0.412	0.438	0.524	0.490	0.493	0.452	0.475	0.432	0.503	0.499	0.472	0.502	0.365	0.218	0.228	0.283	0.244	0.431	0.453	0.547	0.602	0.428	0.492	0.499	0.529	0.524	0.521	0.550	0.478	0.214	0.389	0.441	0.379	0.431	0.458	0.468	0.417	0.339	0.393	0.346	0.409	0.311	0.426	0.411	0.349
2:41:10	37.0	0.721	0.696	0.702	0.687	0.661	0.663	0.722	0.698	0.209	0.271	0.336	0.417	0.430	0.463	0.529	0.506	0.398	0.428	0.445	0.433	0.456	0.532	0.498	0.485	0.443	0.498	0.421	0.522	0.498	0.500	0.526	0.397	0.222	0.233	0.287	0.249	0.432	0.473	0.565	0.596	0.413	0.493	0.489	0.511	0.531	0.548	0.549	0.508	0.214	0.405	0.424	0.399	0.433	0.470	0.476	0.435	0.343	0.404	0.352	0.413	0.317	0.428	0.424	0.364
2:44:10	37.1	0.688	0.705	0.701	0.656	0.654	0.606	0.702	0.700	0.223	0.280	0.352	0.425	0.442	0.444	0.521	0.547	0.404	0.461	0.459	0.430	0.467	0.530	0.524	0.496	0.451	0.513	0.456	0.530	0.516	0.515	0.542	0.385	0.226	0.240	0.286	0.259	0.456	0.521	0.616	0.637	0.403	0.532	0.489	0.538	0.574	0.541	0.554	0.523	0.216	0.414	0.459	0.391	0.444	0.473	0.491	0.452	0.357	0.420	0.387	0.423	0.322	0.437	0.410	0.380
2:47:10	37.0	0.694	0.714	0.711	0.625	0.608	0.544	0.662	0.706	0.227	0.287	0.356	0.421	0.439	0.492	0.557	0.536	0.413	0.464	0.450	0.447	0.479	0.540	0.520	0.509	0.461	0.537	0.498	0.527	0.549	0.528	0.570	0.400	0.233	0.245	0.291	0.270	0.450	0.503	0.614	0.602	0.470	0.521	0.491	0.539	0.575	0.538	0.556	0.516	0.213	0.443	0.467	0.409	0.443	0.478	0.483	0.468	0.375	0.440	0.415	0.457	0.344	0.453	0.435	0.374
2:50:10	37.0	0.692	0.739	0.724	0.653	0.630	0.516	0.637	0.713	0.234	0.301	0.362	0.447	0.455	0.505	0.549	0.543	0.431	0.450	0.470	0.442	0.491	0.542	0.541	0.514	0.470	0.557	0.472	0.537	0.571	0.561	0.555	0.415	0.238	0.250	0.295	0.278	0.460	0.542	0.659	0.620	0.455	0.533	0.520	0.544	0.590	0.559	0.573	0.541	0.217	0.450	0.461	0.404	0.465	0.486	0.500	0.471	0.376	0.460	0.420	0.462	0.360	0.474	0.441	0.382
2:53:10	37.0	0.712	0.739	0.708	0.632	0.652	0.462	0.597	0.725	0.251	0.315	0.377	0.468	0.459	0.509	0.576	0.563	0.436	0.466	0.467	0.456	0.491	0.578	0.569	0.514	0.491	0.560	0.492	0.535	0.581	0.555	0.561	0.422	0.243	0.254	0.301	0.288	0.470	0.549	0.648	0.643	0.457	0.565	0.539	0.545	0.591	0.567	0.572	0.529	0.215	0.457	0.465	0.420	0.469	0.486	0.520	0.478	0.384	0.471	0.449	0.466	0.380	0.478	0.443	0.416
2:56:10	37.0	0.708	0.713	0.678	0.644	0.656	0.383	0.616	0.672	0.266	0.331	0.382	0.474	0.466	0.516	0.557	0.555	0.466	0.464	0.481	0.456	0.520	0.567	0.551	0.528	0.473	0.579	0.513	0.555	0.560	0.543	0.580	0.426	0.249	0.259	0.306	0.298	0.481	0.582	0.655	0.665	0.465	0.560	0.518	0.565	0.607	0.558	0.584	0.567	0.219	0.450	0.478	0.422	0.481	0.490	0.535	0.490	0.412	0.482	0.439	0.477	0.396	0.490	0.468	0.419
2:59:10	37.0	0.710	0.700	0.643	0.618	0.665	0.349	0.626	0.652	0.281	0.340	0.400	0.483	0.483	0.486	0.539	0.551	0.465	0.490	0.488	0.487	0.518	0.572	0.571	0.541	0.524	0.571	0.545	0.545	0.581	0.557	0.590	0.444	0.254	0.265	0.316	0.310	0.496	0.568	0.641	0.667	0.469	0.565	0.546	0.558	0.626	0.583	0.592	0.561	0.216	0.485	0.478	0.436	0.492	0.494	0.558	0.499	0.434	0.494	0.469	0.486	0.406	0.498	0.476	0.459
3:02:10	37.1	0.669	0.675	0.597	0.554	0.687	0.335	0.531	0.614	0.288	0.339	0.444	0.483	0.495	0.544	0.557	0.578	0.470	0.499	0.499	0.494	0.531	0.596	0.587	0.570	0.531	0.576	0.534	0.574	0.586	0.595	0.599	0.448	0.261	0.273	0.325	0.318	0.532	0.590	0.677	0.675	0.486	0.577	0.531	0.570	0.622	0.581	0.596	0.555	0.219	0.483	0.477	0.448	0.506	0.503	0.562	0.499	0.448	0.512	0.472	0.492	0.420	0.515	0.489	0.455
3:05:10	37.0	0.624	0.647	0.558	0.537	0.706	0.325	0.428	0.565	0.296	0.353	0.417	0.485	0.485	0.531	0.568	0.560	0.477	0.505	0.493	0.490	0.548	0.605	0.594	0.576	0.547	0.572	0.519	0.571	0.591	0.600	0.593	0.462	0.269	0.279	0.333	0.322	0.533	0.614	0.656	0.687	0.498	0.576	0.538	0.581	0.615	0.581	0.608	0.579	0.217	0.491	0.491	0.459	0.527	0.522	0.560	0.499	0.460	0.527	0.484	0.501	0.422	0.512	0.494	0.472
3:08:10	37.0	0.592	0.568	0.522	0.527	0.714	0.321	0.380	0.517	0.313	0.370	0.454	0.493	0.509	0.539	0.585	0.569	0.475	0.517	0.514	0.508	0.558	0.618	0.576	0.579	0.537	0.578	0.534	0.586	0.615	0.581	0.596	0.475	0.281	0.289	0.343	0.335	0.533	0.626	0.695	0.670	0.500	0.578	0.539	0.578	0.639	0.574	0.619	0.576	0.218	0.495	0.489	0.453	0.545	0.545	0.571	0.517	0.462	0.522	0.488	0.519	0.430	0.516	0.498	0.465
3:11:10	37.1	0.570	0.553	0.475	0.545	0.726	0.312	0.363	0.475	0.328	0.394	0.457	0.503	0.541	0.558	0.583	0.576	0.483	0.512	0.533	0.508	0.555	0.619	0.610	0.605	0.531	0.590	0.531	0.577	0.602	0.590	0.599	0.489	0.292	0.300	0.353	0.342	0.565	0.649	0.686	0.673	0.504	0.582	0.551	0.591	0.638	0.591	0.633	0.591	0.220	0.502	0.510	0.475	0.526	0.559	0.588	0.510	0.470	0.525	0.498	0.525	0.441	0.518	0.500	0.469
3:14:10	37.0	0.520	0.507	0.439	0.557	0.734	0.313	0.349	0.417	0.349	0.412	0.475	0.515	0.548	0.570	0.618	0.584	0.503	0.524	0.534	0.558	0.569	0.633	0.615	0.619	0.567	0.588	0.548	0.591	0.623	0.597	0.613	0.502	0.303	0.308	0.361	0.351	0.566	0.654	0.690	0.600	0.507	0.589	0.552	0.594	0.650	0.587	0.644	0.602	0.221	0.513	0.519	0.502	0.546	0.581	0.579	0.533	0.469	0.532	0.499	0.547	0.447	0.530	0.513	0.481
3:17:10	37.0	0.492	0.477	0.409	0.559	0.743	0.315	0.337	0.377	0.383	0.424	0.496	0.501	0.536	0.585	0.626	0.583	0.510	0.518	0.555	0.584	0.597	0.647	0.623	0.631	0.542	0.598	0.555	0.589	0.634	0.607	0.614	0.528	0.308	0.317	0.371	0.376	0.608	0.652	0.699	0.567	0.519	0.605	0.568	0.594	0.657	0.593	0.640	0.607	0.222	0.513	0.488	0.515	0.578	0.571	0.580	0.581	0.486	0.540	0.509	0.520	0.458	0.537	0.508	0.487
3:20:10	37.0	0.431	0.439	0.383	0.560	0.745	0.331	0.338	0.354	0.379	0.448	0.485	0.512	0.540	0.594	0.610	0.583	0.514	0.530	0.564	0.550	0.583	0.645	0.627	0.632	0.549	0.602	0.556	0.591	0.639	0.619	0.612	0.509	0.317	0.323	0.379	0.406	0.618	0.677	0.709	0.534	0.532	0.608	0.558	0.617	0.654	0.613	0.625	0.594	0.223	0.513	0.562	0.550	0.569	0.573	0.598	0.597	0.494	0.544	0.512	0.559	0.461	0.546	0.552	0.494
3:23:10	37.0	0.402	0.417	0.375	0.560	0.748	0.349	0.338	0.338	0.412	0.462	0.483	0.526	0.550	0.602	0.617	0.604	0.540	0.545	0.563	0.583	0.585	0.652	0.661	0.632	0.564	0.599	0.573	0.603	0.645	0.626	0.624	0.528	0.328	0.340	0.386	0.424	0.647	0.658	0.683	0.479	0.539	0.632	0.566	0.607	0.653	0.616	0.631	0.600	0.226	0.529	0.565	0.516	0.571	0.584	0.616	0.573	0.511	0.548	0.523	0.577	0.481	0.576	0.540	0.514
3:26:10	37.0	0.387	0.397	0.374	0.563	0.753	0.360	0.341	0.337	0.398	0.473	0.487	0.545	0.576	0.607	0.624	0.606	0.542	0.547	0.604	0.579	0.616	0.650	0.642	0.623	0.555	0.602	0.573	0.604	0.649	0.639	0.639	0.548	0.340	0.349	0.409	0.433	0.642	0.679	0.651	0.442	0.557	0.613	0.578	0.603	0.647	0.625	0.650	0.604	0.228	0.543	0.560	0.547	0.572	0.578	0.613	0.590	0.516	0.561	0.521	0.570	0.497	0.575	0.557	0.523
3:29:10	37.0	0.375	0.388	0.375	0.567	0.748	0.368	0.347	0.319	0.440	0.467	0.503	0.566	0.612	0.616	0.621	0.614	0.544	0.576	0.609	0.603	0.617	0.655	0.648	0.642	0.576	0.598	0.603	0.594	0.675	0.630	0.633	0.540	0.370	0.358	0.431	0.445	0.661	0.675	0.608	0.439	0.555	0.620	0.589	0.612	0.674	0.641	0.642	0.615	0.230	0.563	0.587	0.554	0.595	0.594	0.620	0.594	0.520	0.556	0.547	0.614	0.498	0.584	0.596	0.522
3:32:10	37.1	0.348	0.381	0.378	0.571	0.746	0.377	0.356	0.308	0.433	0.475	0.498	0.587	0.574	0.600	0.621	0.620	0.591	0.569	0.609	0.610	0.610	0.676	0.646	0.663	0.575	0.606	0.605	0.592	0.656	0.625	0.634	0.542	0.404	0.404	0.440	0.449	0.679	0.678	0.583	0.391	0.593	0.644	0.594	0.621	0.667	0.625	0.644	0.620	0.233	0.607	0.574	0.547	0.587	0.594	0.614	0.594	0.526	0.608	0.539	0.593	0.499	0.575	0.601	0.534
3:35:10	37.0	0.344	0.373	0.383	0.573	0.743	0.384	0.366	0.303	0.442	0.479	0.511	0.575	0.605	0.617	0.640	0.624	0.581	0.569	0.635	0.591	0.624	0.662	0.654	0.646	0.579	0.609	0.614	0.604	0.653	0.622	0.638	0.566	0.384	0.385	0.464	0.462	0.686	0.686	0.547	0.338	0.579	0.621	0.574	0.627	0.668	0.621	0.640	0.614	0.235	0.583	0.580	0.561	0.607	0.594	0.615	0.592	0.537	0.573	0.562	0.612	0.526	0.598	0.583	0.549
3:38:10	37.1	0.332	0.373	0.389	0.574	0.744	0.391	0.375	0.309	0.451	0.480	0.523	0.581	0.617	0.617	0.672	0.624	0.600	0.596	0.633	0.617	0.622	0.672	0.651	0.656	0.585	0.618	0.607	0.628	0.676	0.644	0.658	0.545	0.434	0.436	0.479	0.478	0.705	0.690	0.528	0.303	0.611	0.632	0.584	0.616	0.669	0.609	0.655	0.617	0.240	0.604	0.592	0.579	0.617	0.598	0.612	0.621	0.532	0.609	0.573	0.618	0.571	0.609	0.627	0.550
3:41:10	37.0	0.326	0.380	0.396	0.578	0.745	0.398	0.385	0.319	0.470	0.502	0.528	0.577	0.629	0.621	0.646	0.617	0.637	0.614	0.647	0.622	0.635	0.681	0.655	0.650	0.592	0.632	0.596	0.630	0.674	0.635	0.637	0.564	0.421	0.442	0.481	0.486	0.695	0.703	0.473	0.303	0.621	0.635	0.601	0.628	0.682	0.618	0.650	0.623	0.244	0.628	0.599	0.580	0.601	0.614	0.639	0.608	0.552	0.614	0.639	0.649	0.577	0.619	0.619	0.584
3:44:10	37.0	0.327	0.392	0.403	0.582	0.747	0.404	0.394	0.401	0.479	0.512	0.540	0.596	0.622	0.619	0.657	0.640	0.608	0.621	0.649	0.609	0.643	0.691	0.664	0.696	0.611	0.647	0.614	0.625	0.686	0.648	0.656	0.565	0.440	0.440	0.488	0.519	0.675	0.697	0.423	0.277	0.616	0.642	0.599	0.646	0.668	0.632	0.658	0.615	0.250	0.607	0.608	0.602	0.617	0.620	0.640	0.616	0.568	0.631	0.593	0.641	0.574	0.607	0.635	0.590
3:47:10	37.1	0.337	0.415	0.406	0.583	0.744	0.412	0.402	0.509	0.479	0.509	0.565	0.612	0.645	0.626	0.658	0.619	0.634	0.618	0.634	0.618	0.646	0.689	0.658	0.673	0.609	0.626	0.619	0.632	0.696	0.657	0.666	0.568	0.458	0.451	0.500	0.525	0.715	0.647	0.386	0.262	0.636	0.646	0.614	0.635	0.673	0.638	0.669	0.635	0.256	0.612	0.606	0.600	0.620	0.609	0.630	0.609	0.569	0.634	0.616	0.658	0.569	0.629	0.634	0.606
3:50:10	37.0	0.361	0.474	0.411	0.588	0.741	0.419	0.411	0.594	0.493	0.521	0.581	0.626	0.638	0.648	0.661	0.620	0.623	0.620	0.664	0.622	0.658	0.686	0.667	0.665	0.595	0.625	0.606	0.630	0.695	0.667	0.665	0.602	0.466	0.468	0.511	0.557	0.717	0.622	0.355	0.253	0.643	0.672	0.606	0.639	0.688	0.640	0.667	0.629	0.262	0.641	0.644	0.596	0.638	0.603	0.634	0.633	0.609	0.669	0.612	0.651	0.572	0.625	0.654	0.617
3:53:10	37.0	0.396	0.514	0.416	0.591	0.741	0.425	0.419	0.638	0.497	0.522	0.594	0.636	0.647	0.656	0.668	0.629	0.628	0.618	0.657	0.616	0.640	0.683	0.672	0.673	0.607	0.643	0.624	0.631	0.709	0.669	0.669	0.596	0.479	0.478	0.512	0.586	0.708	0.611	0.353	0.253	0.627	0.657	0.603	0.640	0.688	0.648	0.670	0.637	0.269	0.647	0.624	0.592	0.621	0.607	0.639	0.635	0.616	0.663	0.636	0.630	0.575	0.646	0.666	0.611
3:56:10	37.1	0.445	0.533	0.416	0.593	0.739	0.432	0.424	0.663	0.481	0.519	0.576	0.616	0.629	0.642	0.683	0.636	0.635	0.647	0.654	0.621	0.661	0.699	0.683	0.681	0.609	0.645	0.631	0.629	0.717	0.675	0.663	0.601	0.492	0.492	0.556	0.605	0.726	0.575	0.335	0.249	0.644	0.655	0.606	0.632	0.685	0.653	0.657	0.641	0.275	0.642	0.629	0.608	0.627	0.623	0.650	0.640	0.628	0.654	0.642	0.672	0.582	0.641	0.662	0.659
3:59:10	37.0	0.486	0.557	0.420	0.595	0.738	0.439	0.432	0.680	0.523	0.558	0.596	0.618	0.656	0.641	0.674	0.630	0.663	0.653	0.672	0.630	0.662	0.699	0.682	0.684	0.613	0.640	0.634	0.645	0.702	0.672	0.664	0.625	0.487	0.491	0.577	0.603	0.706	0.578	0.319	0.243	0.647	0.666	0.601	0.626	0.702	0.642	0.665	0.628	0.278	0.666	0.634	0.635	0.625	0.624	0.649	0.638	0.631	0.672	0.644	0.681	0.606	0.663	0.673	0.632
4:02:10	37.0	0.521	0.569	0.424	0.598	0.736	0.445	0.438	0.685	0.499	0.555	0.621	0.621	0.662	0.659	0.671	0.632	0.654	0.664	0.666	0.627	0.652	0.700	0.697	0.684	0.630	0.651	0.643	0.648	0.693	0.681	0.665	0.616	0.545	0.486	0.591	0.638	0.713	0.547	0.310	0.241	0.658	0.658	0.601	0.614	0.721	0.654	0.649	0.632	0.284	0.649	0.635	0.638	0.646	0.627	0.644	0.625	0.625	0.677	0.646	0.676	0.603	0.639	0.688	0.647
4:05:10	37.0	0.547	0.578	0.428	0.598	0.734	0.451	0.443	0.692	0.553	0.589	0.623	0.651	0.687	0.650	0.684	0.633	0.643	0.659	0.682	0.628	0.656	0.712	0.695	0.694	0.638	0.660	0.655	0.644	0.697	0.686	0.666	0.638	0.543	0.529	0.599	0.643	0.671	0.510	0.308	0.242	0.642	0.658	0.588	0.622	0.708	0.659	0.651	0.630	0.288	0.669	0.643	0.623	0.641	0.636	0.664	0.629	0.663	0.705	0.675	0.676	0.631	0.644	0.681	0.671
4:08:10	37.0	0.570	0.588	0.429	0.599	0.736	0.455	0.449	0.700	0.549	0.578	0.635	0.656	0.671	0.682	0.685	0.617	0.670	0.658	0.684	0.644	0.665	0.711	0.702	0.705	0.628	0.655	0.663	0.645	0.711	0.678	0.657	0.638	0.591	0.554	0.619	0.640	0.636	0.454	0.297	0.237	0.654	0.673	0.583	0.628	0.702	0.648	0.636	0.625	0.299	0.673	0.646	0.629	0.640	0.631	0.649	0.642	0.660	0.709	0.657	0.692	0.623	0.656	0.677	0.675
4:11:10	37.0	0.589	0.590	0.432	0.602	0.733	0.461	0.455	0.706	0.601	0.612	0.629	0.639	0.668	0.669	0.668	0.619	0.657	0.654	0.676	0.638	0.667	0.714	0.701	0.719	0.645	0.655	0.653	0.645	0.713	0.689	0.656	0.644	0.609	0.585	0.664	0.658	0.614	0.434	0.297	0.243	0.668	0.656	0.585	0.613	0.702	0.649	0.641	0.625	0.304	0.684	0.634	0.640	0.642	0.636	0.654	0.646	0.667	0.699	0.667	0.704	0.659	0.675	0.705	0.706
4:14:10	37.1	0.603	0.599	0.435	0.605	0.732	0.466	0.461	0.713	0.601	0.623	0.631	0.654	0.661	0.665	0.669	0.616	0.670	0.651	0.677	0.652	0.682	0.718	0.700	0.708	0.654	0.653	0.676	0.639	0.718	0.701	0.654	0.633	0.608	0.601	0.678	0.653	0.609	0.409	0.298	0.249	0.642	0.662	0.577	0.611	0.697	0.626	0.637	0.626	0.312	0.674	0.653	0.638	0.650	0.649	0.652	0.657	0.676	0.697	0.667	0.687	0.653	0.689	0.700	0.697
4:17:10	37.0	0.615	0.602	0.437	0.606	0.729	0.471	0.465	0.715	0.602	0.621	0.627	0.671	0.692	0.677	0.667	0.608	0.684	0.650	0.672	0.666	0.681	0.718	0.681	0.716	0.640	0.653	0.666	0.636	0.727	0.690	0.644	0.658	0.632	0.616	0.690	0.651	0.539	0.373	0.290	0.254	0.664	0.653	0.574	0.609	0.698	0.646	0.628	0.623	0.320	0.688	0.654	0.629	0.652	0.654	0.655	0.649	0.695	0.698	0.668	0.722	0.633	0.683	0.713	0.685
4:20:10	37.0	0.627	0.606	0.439	0.608	0.727	0.475	0.470	0.722	0.627	0.640	0.644	0.674	0.677	0.672	0.661	0.616	0.681	0.663	0.688	0.669	0.692	0.699	0.669	0.719	0.649	0.656	0.672	0.630	0.716	0.680	0.658	0.658	0.640	0.634	0.685	0.653	0.503	0.362	0.293	0.261	0.664	0.653	0.584	0.612	0.668	0.625	0.638	0.622	0.331	0.688	0.651	0.644	0.659	0.648	0.647	0.646	0.678	0.715	0.681	0.690	0.636	0.658	0.713	0.697
4:23:10	37.0	0.635	0.612	0.440	0.611	0.727	0.478	0.476	0.726	0.622	0.642	0.642	0.676	0.714	0.689	0.667	0.611	0.677	0.682	0.686	0.670	0.682	0.687	0.648	0.718	0.646	0.648	0.653	0.629	0.707	0.663	0.653	0.643	0.637	0.640	0.680	0.678	0.447	0.355	0.296	0.268	0.676	0.644	0.587	0.605	0.649	0.616	0.628	0.625	0.346	0.699	0.657	0.645	0.654	0.659	0.640	0.664	0.697	0.726	0.700	0.694	0.659	0.674	0.699	0.686
4:26:10	37.0	0.642	0.616	0.443	0.615	0.725	0.486	0.482	0.730	0.609	0.653	0.635	0.670	0.686	0.671	0.656	0.606	0.664	0.679	0.689	0.672	0.668	0.669	0.638	0.718	0.652	0.641	0.650	0.624	0.697	0.663	0.647	0.644	0.654	0.654	0.699	0.686	0.417	0.355	0.300	0.275	0.699	0.631	0.572	0.608	0.661	0.627	0.635	0.622	0.352	0.702	0.660	0.640	0.669	0.649	0.638	0.654	0.690	0.736	0.694	0.709	0.661	0.683	0.700	0.691
4:29:10	37.0	0.648	0.622	0.447	0.616	0.726	0.490	0.485	0.733	0.628	0.657	0.658	0.678	0.694	0.665	0.644	0.621	0.681	0.683	0.704	0.675	0.661	0.661	0.636	0.713	0.649	0.641	0.613	0.621	0.684	0.632	0.655	0.646	0.662	0.649	0.698	0.690	0.389	0.356	0.305	0.280	0.683	0.646	0.578	0.602	0.668	0.622	0.625	0.609	0.356	0.693	0.657	0.642	0.674	0.644	0.639	0.649	0.694	0.740	0.703	0.710	0.665	0.663	0.710	0.712
4:32:10	37.1	0.658	0.627	0.450	0.617	0.726	0.494	0.490	0.739	0.643	0.661	0.657	0.670	0.695	0.659	0.642	0.609	0.682	0.689	0.709	0.678	0.644	0.642	0.613	0.698	0.653	0.637	0.601	0.623	0.669	0.634	0.646	0.667	0.683	0.676	0.729	0.694	0.376	0.360	0.307	0.281	0.675	0.646	0.569	0.604	0.673	0.629	0.630	0.619	0.376	0.689	0.667	0.643	0.668	0.630	0.624	0.647	0.714	0.742	0.707	0.722	0.673	0.679	0.738	0.692
4:35:10	37.0	0.663	0.632	0.452	0.620	0.727	0.502	0.496	0.739	0.641	0.653	0.643	0.685	0.710	0.651	0.645	0.610	0.696	0.688	0.714	0.664	0.640	0.632	0.609	0.677	0.645	0.639	0.597	0.618	0.660	0.623	0.648	0.665	0.667	0.662	0.713	0.714	0.362	0.366	0.312	0.286	0.690	0.635	0.566	0.603	0.665	0.627	0.636	0.615	0.378	0.706	0.652	0.629	0.648	0.630	0.630	0.650	0.717	0.742	0.705	0.715	0.666	0.673	0.724	0.691
4:38:10	37.0	0.668	0.636	0.455	0.624	0.727	0.508	0.502	0.741	0.666	0.667	0.685	0.693	0.706	0.662	0.647	0.614	0.706	0.696	0.708	0.658	0.611	0.664	0.606	0.658	0.636	0.625	0.586	0.608	0.658	0.651	0.644	0.653	0.698	0.678	0.719	0.669	0.352	0.364	0.317	0.291	0.694	0.622	0.569	0.603	0.678	0.620	0.637	0.615	0.413	0.716	0.659	0.597	0.642	0.622	0.634	0.637	0.725	0.735	0.703	0.694	0.680	0.672	0.727	0.719
4:41:10	37.1	0.674	0.641	0.457	0.624	0.727	0.514	0.509	0.747	0.671	0.667	0.679	0.701	0.688	0.670	0.645	0.609	0.699	0.697	0.694	0.630	0.609	0.689	0.648	0.641	0.635	0.628	0.591	0.609	0.685	0.655	0.637	0.664	0.693	0.716	0.731	0.636	0.356	0.368	0.320	0.296	0.698	0.635	0.579	0.608	0.685	0.616	0.637	0.620	0.434	0.715	0.639	0.591	0.606	0.623	0.659	0.628	0.726	0.744	0.715	0.683	0.684	0.670	0.711	0.714
4:44:10	37.0	0.679	0.648	0.459	0.627	0.725	0.520	0.513	0.750	0.691	0.668	0.678	0.689	0.672	0.664	0.647	0.604	0.703	0.689	0.662	0.630	0.604	0.696	0.659	0.637	0.634	0.622	0.609	0.612	0.696	0.659	0.646	0.654	0.679	0.686	0.729	0.645	0.378	0.368	0.324	0.302	0.701	0.630	0.578	0.612	0.690	0.614	0.639	0.621	0.441	0.716	0.649	0.603	0.609	0.615	0.654	0.633	0.735	0.761	0.721	0.688	0.658	0.659	0.730	0.715
4:47:10	37.0	0.682	0.649	0.461	0.630	0.725	0.524	0.518	0.750	0.678	0.693	0.675	0.698	0.671	0.659	0.650	0.613	0.706	0.689	0.663	0.615	0.639	0.702	0.666	0.674	0.633	0.609	0.648	0.622	0.707	0.671	0.648	0.644	0.698	0.726	0.701	0.620	0.398	0.371	0.327	0.307	0.708	0.627	0.579	0.617	0.688	0.614	0.641	0.635	0.452	0.719	0.633	0.638	0.599	0.616	0.652	0.619	0.718	0.751	0.712	0.700	0.650	0.662	0.743	0.691
4:50:10	37.1	0.691	0.653	0.465	0.631	0.729	0.530	0.524	0.753	0.664	0.697	0.681	0.698	0.651	0.664	0.654	0.610	0.700	0.679	0.649	0.600	0.667	0.706	0.671	0.697	0.633	0.615	0.650	0.622	0.713	0.678	0.647	0.639	0.725	0.706	0.687	0.593	0.415	0.372	0.330	0.312	0.691	0.633	0.587	0.618	0.689	0.612	0.645	0.626	0.448	0.722	0.627	0.637	0.587	0.611	0.662	0.619	0.756	0.746	0.709	0.728	0.663	0.641	0.767	0.696
4:53:10	37.0	0.694	0.660	0.468	0.634	0.727	0.536	0.527	0.757	0.685	0.706	0.694	0.684	0.639	0.667	0.655	0.617	0.687	0.672	0.649	0.603	0.682	0.708	0.676	0.703	0.614	0.625	0.656	0.628	0.717	0.684	0.657	0.629	0.740	0.716	0.717	0.534	0.428	0.374	0.332	0.318	0.678	0.642	0.593	0.627	0.702	0.623	0.648	0.631	0.473	0.703	0.627	0.642	0.625	0.609	0.666	0.619	0.752	0.749	0.691	0.731	0.656	0.656	0.758	0.708
4:56:10	37.0	0.698	0.664	0.469	0.636	0.728	0.542	0.533	0.759	0.678	0.699	0.690	0.695	0.639	0.672	0.660	0.617	0.669	0.669	0.666	0.623	0.684	0.715	0.682	0.705	0.614	0.627	0.659	0.639	0.721	0.685	0.661	0.627	0.684	0.724	0.610	0.526	0.446	0.376	0.334	0.323	0.664	0.645	0.595	0.631	0.699	0.626	0.652	0.633	0.456	0.678	0.624	0.648	0.643	0.604	0.671	0.619	0.723	0.726	0.676	0.728	0.689	0.672	0.750	0.719
4:59:10	37.0	0.705	0.667	0.474	0.640	0.729	0.548	0.538	0.762	0.682	0.695	0.688	0.680	0.662	0.676	0.659	0.622	0.664	0.662	0.685	0.651	0.691	0.718	0.688	0.707	0.593	0.626	0.664	0.640	0.722	0.694	0.665	0.644	0.693	0.680	0.568	0.523	0.459	0.379	0.338	0.329	0.647	0.651	0.598	0.630	0.704	0.629	0.654	0.637	0.460	0.656	0.620	0.654	0.652	0.613	0.673	0.611	0.723	0.713	0.697	0.733	0.692	0.674	0.747	0.719
5:02:10	37.0	0.705	0.672	0.474	0.641	0.726	0.554	0.544	0.765	0.687	0.710	0.697	0.681	0.664	0.678	0.663	0.623	0.648	0.658	0.698	0.659	0.692	0.725	0.693	0.706	0.594	0.632	0.673	0.648	0.727	0.694	0.672	0.642	0.588	0.653	0.548	0.519	0.467	0.381	0.342	0.335	0.656	0.658	0.605	0.640	0.702	0.633	0.656	0.641	0.482	0.658	0.611	0.656	0.662	0.620	0.674	0.626	0.697	0.714	0.713	0.736	0.683	0.673	0.744	0.724
5:05:10	37.0	0.706	0.677	0.478	0.644	0.729	0.559	0.550	0.768	0.703	0.712	0.679	0.674	0.678	0.682	0.663	0.627	0.661	0.654	0.701	0.661	0.685	0.722	0.694	0.712	0.616	0.638	0.672	0.654	0.729	0.697	0.676	0.647	0.564	0.626	0.508	0.478	0.474	0.383	0.346	0.342	0.676	0.662	0.606	0.640	0.710	0.639	0.659	0.645	0.487	0.670	0.608	0.662	0.667	0.623	0.677	0.630	0.712	0.713	0.705	0.736	0.684	0.678	0.746	0.725
5:08:10	37.0	0.714	0.681	0.481	0.649	0.729	0.565	0.557	0.769	0.717	0.708	0.700	0.653	0.686	0.683	0.664	0.628	0.661	0.647	0.702	0.665	0.696	0.724	0.697	0.708	0.623	0.642	0.678	0.655	0.731	0.701	0.678	0.649	0.543	0.622	0.470	0.509	0.482	0.386	0.350	0.347	0.673	0.668	0.608	0.643	0.706	0.642	0.663	0.646	0.500	0.672	0.617	0.662	0.670	0.625	0.681	0.636	0.755	0.734	0.711	0.735	0.682	0.681	0.744	0.725
5:11:10	37.1	0.716	0.684	0.482	0.650	0.729	0.569	0.563	0.774	0.697	0.722	0.691	0.654	0.692	0.682	0.669	0.626	0.672	0.640	0.706	0.665	0.698	0.728	0.696	0.706	0.628	0.647	0.678	0.656	0.736	0.709	0.680	0.649	0.434	0.551	0.436	0.521	0.486	0.388	0.355	0.359	0.686	0.674	0.608	0.644	0.706	0.642	0.667	0.649	0.510	0.698	0.629	0.659	0.672	0.632	0.683	0.639	0.759	0.754	0.718	0.740	0.686	0.685	0.742	0.725
5:14:10	37.0	0.715	0.688	0.486	0.653	0.731	0.575	0.568	0.781	0.726	0.723	0.673	0.667	0.688	0.686	0.675	0.633	0.698	0.626	0.706	0.672	0.699	0.726	0.697	0.705	0.634	0.649	0.673	0.657	0.735	0.700	0.680	0.653	0.400	0.573	0.406	0.516	0.489	0.391	0.362	0.367	0.695	0.669	0.611	0.647	0.705	0.646	0.669	0.649	0.503	0.705	0.637	0.659	0.679	0.632	0.685	0.639	0.765	0.753	0.720	0.736	0.702	0.689	0.737	0.727
5:17:10	37.0	0.718	0.693	0.488	0.657	0.730	0.579	0.571	0.782	0.722	0.715	0.674	0.665	0.679	0.683	0.670	0.635	0.695	0.621	0.713	0.670	0.702	0.734	0.695	0.701	0.643	0.653	0.676	0.661	0.740	0.713	0.683	0.655	0.398	0.505	0.383	0.533	0.491	0.393	0.367	0.371	0.690	0.674	0.615	0.649	0.708	0.651	0.673	0.653	0.520	0.710	0.638	0.658	0.677	0.634	0.684	0.641	0.764	0.752	0.728	0.734	0.698	0.696	0.748	0.726
5:20:10	37.0	0.725	0.699	0.492	0.662	0.729	0.585	0.576	0.785	0.724	0.723	0.677	0.665	0.683	0.686	0.673	0.637	0.701	0.645	0.715	0.681	0.692	0.725	0.692	0.702	0.649	0.657	0.676	0.664	0.736	0.723	0.687	0.659	0.441	0.509	0.376	0.546	0.495	0.398	0.374	0.377	0.693	0.677	0.616	0.651	0.703	0.655	0.676	0.655	0.530	0.712	0.643	0.668	0.671	0.637	0.686	0.644	0.764	0.762	0.721	0.739	0.689	0.698	0.749	0.729
5:23:10	37.0	0.729	0.701	0.493	0.668	0.728	0.592	0.584	0.787	0.706	0.701	0.671	0.671	0.684	0.684	0.679	0.636	0.701	0.665	0.709	0.680	0.693	0.728	0.693	0.707	0.654	0.658	0.681	0.666	0.737	0.723	0.690	0.663	0.512	0.538	0.374	0.552	0.501	0.399	0.380	0.384	0.695	0.679	0.618	0.654	0.713	0.655	0.679	0.655	0.541	0.726	0.647	0.663	0.668	0.636	0.685	0.645	0.763	0.765	0.730	0.740	0.696	0.701	0.756	0.730
5:26:10	37.0	0.730	0.703	0.495	0.671	0.731	0.597	0.587	0.789	0.704	0.680	0.668	0.675	0.688	0.685	0.682	0.643	0.715	0.667	0.712	0.669	0.697	0.726	0.692	0.708	0.658	0.661	0.675	0.666	0.732	0.726	0.690	0.667	0.526	0.551	0.388	0.561	0.503	0.403	0.388	0.394	0.695	0.682	0.618	0.654	0.713	0.660	0.683	0.657	0.564	0.719	0.649	0.671	0.684	0.640	0.691	0.647	0.763	0.770	0.731	0.736	0.690	0.703	0.758	0.740
5:29:10	37.0	0.730	0.709	0.500	0.676	0.732	0.602	0.590	0.793	0.702	0.673	0.660	0.679	0.688	0.687	0.686	0.647	0.713	0.672	0.714	0.681	0.698	0.728	0.695	0.707	0.661	0.665	0.679	0.669	0.744	0.723	0.694	0.673	0.531	0.542	0.430	0.566	0.506	0.407	0.395	0.400	0.696	0.686	0.619	0.654	0.715	0.661	0.685	0.660	0.590	0.717	0.651	0.673	0.677	0.641	0.696	0.649	0.768	0.764	0.736	0.747	0.703	0.705	0.763	0.744
5:32:10	37.1	0.737	0.711	0.501	0.681	0.732	0.607	0.594	0.796	0.689	0.682	0.664	0.680	0.683	0.680	0.683	0.646	0.718	0.673	0.709	0.680	0.699	0.732	0.694	0.705	0.664	0.665	0.680	0.671	0.735	0.721	0.695	0.679	0.523	0.531	0.462	0.569	0.510	0.411	0.402	0.409	0.698	0.680	0.623	0.661	0.715	0.664	0.686	0.661	0.616	0.732	0.653	0.677	0.683	0.641	0.700	0.651	0.758	0.768	0.736	0.741	0.715	0.707	0.756	0.751
5:35:10	37.0	0.739	0.714	0.503	0.685	0.733	0.612	0.598	0.798	0.691	0.719	0.684	0.682	0.690	0.681	0.690	0.649	0.705	0.673	0.715	0.673	0.696	0.733	0.689	0.709	0.665	0.668	0.683	0.671	0.739	0.724	0.695	0.682	0.517	0.539	0.481	0.575	0.512	0.414	0.409	0.420	0.704	0.687	0.625	0.664	0.714	0.667	0.689	0.662	0.600	0.727	0.657	0.677	0.676	0.643	0.702	0.652	0.770	0.768	0.744	0.743	0.719	0.709	0.758	0.753
5:38:10	37.0	0.739	0.718	0.507	0.690	0.731	0.617	0.602	0.802	0.714	0.724	0.681	0.689	0.691	0.685	0.686	0.652	0.709	0.674	0.721	0.676	0.694	0.735	0.692	0.709	0.668	0.669	0.682	0.672	0.742	0.724	0.695	0.686	0.513	0.540	0.497	0.576	0.515	0.418	0.418	0.426	0.706	0.689	0.624	0.663	0.716	0.667	0.690	0.664	0.626	0.720	0.658	0.680	0.688	0.645	0.699	0.655	0.765	0.768	0.746	0.744	0.715	0.710	0.761	0.753
5:41:10	37.0	0.743	0.716	0.509	0.693	0.734	0.621	0.609	0.806	0.724	0.725	0.690	0.692	0.692	0.685	0.688	0.652	0.701	0.675	0.713	0.681	0.693	0.739	0.696	0.710	0.671	0.672	0.682	0.674	0.745	0.726	0.694	0.690	0.510	0.543	0.508	0.579	0.518	0.421	0.427	0.436	0.709	0.687	0.629	0.666	0.718	0.670	0.691	0.667	0.625	0.727	0.658	0.683	0.681	0.646	0.698	0.655	0.778	0.769	0.749	0.745	0.719	0.711	0.770	0.751
5:44:10	37.0	0.746	0.719	0.510	0.698	0.733	0.628	0.614	0.810	0.729	0.728	0.696	0.694	0.690	0.685	0.693	0.654	0.707	0.676	0.716	0.680	0.703	0.741	0.700	0.714	0.672	0.674	0.684	0.674	0.748	0.726	0.695	0.693	0.509	0.546	0.518	0.579	0.522	0.425	0.433	0.447	0.698	0.690	0.628	0.666	0.717	0.673	0.692	0.671	0.618	0.725	0.661	0.688	0.687	0.649	0.702	0.657	0.779	0.769	0.754	0.751	0.717	0.712	0.766	0.750
5:47:10	37.0	0.747	0.722	0.513	0.703	0.732	0.631	0.617	0.812	0.734	0.733	0.700	0.696	0.690	0.679	0.691	0.655	0.710	0.678	0.716	0.684	0.700	0.745	0.704	0.717	0.672	0.676	0.686	0.675	0.751	0.725	0.699	0.695	0.509	0.545	0.527	0.581	0.525	0.429	0.442	0.449	0.707	0.693	0.631	0.669	0.719	0.677	0.693	0.669	0.651	0.737	0.661	0.694	0.682	0.651	0.707	0.658	0.778	0.784	0.751	0.756	0.718	0.715	0.769	0.749
5:50:10	37.0	0.746	0.724	0.516	0.706	0.734	0.636	0.619	0.815	0.739	0.726	0.701	0.699	0.694	0.677	0.693	0.657	0.705	0.679	0.714	0.677	0.701	0.748	0.708	0.721	0.673	0.677	0.688	0.677	0.754	0.727	0.700	0.697	0.510	0.545	0.534	0.585	0.527	0.432	0.450	0.456	0.709	0.692	0.627	0.670	0.724	0.677	0.693	0.669	0.644	0.732	0.663	0.700	0.681	0.653	0.710	0.660	0.774	0.781	0.753	0.760	0.712	0.718	0.775	0.748
5:53:10	37.0	0.755	0.726	0.519	0.709	0.737	0.640	0.624	0.818	0.739	0.735	0.703	0.703	0.693	0.681	0.693	0.662	0.707	0.680	0.711	0.683	0.704	0.750	0.712	0.726	0.675	0.677	0.691	0.676	0.758	0.726	0.702	0.697	0.510	0.545	0.539	0.586	0.531	0.437	0.458	0.465	0.713	0.692	0.630	0.671	0.727	0.677	0.694	0.676	0.646	0.729	0.663	0.705	0.686	0.655	0.711	0.662	0.772	0.778	0.751	0.764	0.721	0.720	0.775	0.746
5:56:10	37.0	0.758	0.724	0.520	0.712	0.735	0.645	0.626	0.822	0.735	0.739	0.700	0.706	0.695	0.681	0.691	0.663	0.708	0.684	0.709	0.681	0.705	0.751	0.714	0.730	0.676	0.678	0.695	0.678	0.760	0.725	0.705	0.698	0.513	0.548	0.545	0.590	0.530	0.440	0.466	0.473	0.716	0.693	0.633	0.675	0.731	0.680	0.696	0.677	0.660	0.731	0.665	0.708	0.689	0.659	0.714	0.663	0.775	0.777	0.754	0.769	0.723	0.722	0.780	0.739
5:59:10	37.0	0.760	0.728	0.522	0.716	0.735	0.648	0.628	0.823	0.739	0.735	0.706	0.707	0.695	0.679	0.694	0.664	0.706	0.686	0.713	0.678	0.709	0.754	0.717	0.735	0.676	0.678	0.699	0.678	0.762	0.727	0.706	0.700	0.518	0.547	0.551	0.593	0.535	0.444	0.475	0.478	0.715	0.694	0.636	0.677	0.734	0.682	0.693	0.681	0.668	0.732	0.667	0.714	0.694	0.659	0.715	0.665	0.775	0.774	0.752	0.770	0.728	0.722	0.777	0.735
6:02:10	37.1	0.762	0.733	0.522	0.720	0.732	0.653	0.632	0.825	0.734	0.729	0.710	0.709	0.696	0.681	0.694	0.663	0.709	0.689	0.716	0.683	0.712	0.757	0.719	0.740	0.679	0.680	0.703	0.680	0.765	0.725	0.708	0.702	0.522	0.548	0.556	0.598	0.538	0.447	0.483	0.484	0.710	0.695	0.639	0.675	0.736	0.684	0.692	0.681	0.682	0.734	0.667	0.722	0.694	0.659	0.720	0.665	0.777	0.770	0.752	0.770	0.735	0.725	0.772	0.738
6:05:10	37.1	0.762	0.735	0.525	0.723	0.734	0.655	0.637	0.830	0.743	0.735	0.707	0.712	0.698	0.680	0.695	0.666	0.707	0.693	0.719	0.685	0.717	0.759	0.721	0.743	0.683	0.680	0.707	0.681	0.768	0.727	0.708	0.705	0.526	0.550	0.563	0.598	0.542	0.450	0.492	0.497	0.711	0.695	0.643	0.677	0.738	0.685	0.691	0.688	0.670	0.737	0.670	0.722	0.699	0.665	0.723	0.667	0.775	0.768	0.751	0.772	0.736	0.727	0.774	0.736
6:08:10	37.1	0.766	0.740	0.528	0.728	0.736	0.662	0.642	0.831	0.739	0.731	0.707	0.714	0.702	0.682	0.697	0.670	0.708	0.697	0.723	0.686	0.722	0.760	0.725	0.746	0.683	0.682	0.710	0.682	0.771	0.729	0.711	0.704	0.531	0.552	0.569	0.603	0.544	0.455	0.500	0.500	0.719	0.694	0.645	0.678	0.739	0.687	0.690	0.687	0.672	0.742	0.672	0.721	0.704	0.665	0.725	0.669	0.783	0.768	0.756	0.774	0.736	0.727	0.768	0.734
6:11:10	37.0	0.769	0.743	0.529	0.730	0.735	0.666	0.644	0.833	0.743	0.734	0.710	0.715	0.702	0.683	0.697	0.671	0.711	0.701	0.725	0.689	0.726	0.761	0.726	0.749	0.684	0.682	0.713	0.682	0.773	0.731	0.711	0.705	0.534	0.551	0.575	0.605	0.547	0.457	0.509	0.509	0.718	0.694	0.645	0.679	0.741	0.686	0.687	0.689	0.696	0.750	0.671	0.722	0.709	0.669	0.726	0.670	0.787	0.767	0.758	0.773	0.737	0.728	0.770	0.732
6:14:10	37.0	0.775	0.743	0.533	0.734	0.736	0.671	0.647	0.834	0.738	0.732	0.712	0.716	0.707	0.681	0.699	0.672	0.712	0.704	0.730	0.692	0.730	0.762	0.726	0.750	0.685	0.682	0.716	0.681	0.777	0.732	0.708	0.705	0.540	0.553	0.582	0.610	0.548	0.461	0.515	0.513	0.720	0.694	0.647	0.682	0.741	0.688	0.686	0.690	0.682	0.755	0.675	0.724	0.713	0.671	0.729	0.673	0.791	0.768	0.759	0.774	0.726	0.729	0.771	0.729
6:17:10	37.0	0.779	0.747	0.533	0.736	0.737	0.673	0.650	0.837	0.741	0.741	0.715	0.717	0.709	0.687	0.698	0.672	0.716	0.707	0.734	0.697	0.733	0.764	0.724	0.753	0.681	0.680	0.720	0.682	0.777	0.734	0.709	0.705	0.543	0.554	0.588	0.615	0.551	0.464	0.524	0.521	0.718	0.693	0.649	0.681	0.740	0.688	0.683	0.694	0.709	0.762	0.678	0.720	0.715	0.675	0.730	0.675	0.796	0.773	0.763	0.776	0.731	0.731	0.763	0.726
6:20:10	37.1	0.781	0.749	0.537	0.740	0.739	0.678	0.656	0.843	0.750	0.742	0.716	0.718	0.715	0.690	0.701	0.672	0.719	0.711	0.738	0.700	0.736	0.762	0.718	0.754	0.682	0.682	0.723	0.682	0.778	0.737	0.709	0.705	0.548	0.557	0.592	0.616	0.553	0.468	0.531	0.533	0.715	0.692	0.650	0.680	0.738	0.689	0.682	0.696	0.699	0.769	0.678	0.719	0.718	0.677	0.733	0.677	0.801	0.776	0.770	0.771	0.735	0.730	0.755	0.726
6:23:10	37.0	0.783	0.753	0.536	0.742	0.737	0.680	0.658	0.842	0.748	0.743	0.722	0.716	0.715	0.689	0.702	0.676	0.723	0.714	0.740	0.705	0.737	0.761	0.715	0.756	0.683	0.686	0.726	0.684	0.779	0.739	0.710	0.705	0.555	0.558	0.598	0.618	0.556	0.471	0.538	0.536	0.715	0.690	0.651	0.678	0.739	0.693	0.679	0.700	0.705	0.775	0.682	0.718	0.718	0.679	0.734	0.679	0.796	0.779	0.771	0.771	0.741	0.731	0.748	0.725
6:26:10	37.0	0.786	0.754	0.537	0.745	0.738	0.686	0.664	0.847	0.748	0.750	0.723	0.715	0.720	0.694	0.702	0.676	0.728	0.717	0.742	0.708	0.739	0.759	0.713	0.752	0.684	0.683	0.728	0.683	0.776	0.738	0.709	0.704	0.561	0.561	0.600	0.618	0.558	0.474	0.547	0.547	0.717	0.688	0.653	0.677	0.739	0.691	0.676	0.700	0.717	0.781	0.684	0.717	0.721	0.681	0.733	0.681	0.797	0.782	0.774	0.767	0.729	0.733	0.743	0.722
6:29:10	37.0	0.789	0.758	0.542	0.749	0.738	0.690	0.666	0.846	0.747	0.752	0.725	0.713	0.719	0.697	0.703	0.680	0.734	0.720	0.747	0.712	0.740	0.757	0.715	0.751	0.687	0.682	0.732	0.684	0.777	0.743	0.709	0.703	0.565	0.563	0.606	0.622	0.561	0.478	0.552	0.549	0.720	0.688	0.654	0.679	0.737	0.691	0.673	0.702	0.716	0.785	0.685	0.709	0.720	0.681	0.733	0.682	0.803	0.786	0.778	0.763	0.727	0.734	0.738	0.724
6:32:10	37.0	0.793	0.761	0.542	0.752	0.739	0.694	0.668	0.848	0.746	0.751	0.729	0.714	0.719	0.697	0.706	0.679	0.738	0.723	0.750	0.716	0.743	0.755	0.713	0.747	0.689	0.681	0.732	0.682	0.777	0.744	0.710	0.701	0.572	0.565	0.609	0.624	0.563	0.481	0.559	0.554	0.723	0.686	0.655	0.680	0.736	0.692	0.670	0.703	0.712	0.789	0.686	0.699	0.718	0.683	0.733	0.684	0.801	0.790	0.780	0.758	0.727	0.733	0.730	0.720
6:35:10	37.0	0.794	0.766	0.545	0.754	0.740	0.698	0.672	0.851	0.750	0.750	0.730	0.712	0.719	0.699	0.705	0.679	0.743	0.724	0.755	0.722	0.743	0.754	0.708	0.745	0.691	0.681	0.736	0.684	0.776	0.746	0.712	0.697	0.575	0.568	0.612	0.628	0.567	0.483	0.565	0.561	0.725	0.684	0.657	0.681	0.736	0.691	0.667	0.706	0.716	0.793	0.685	0.698	0.717	0.685	0.732	0.685	0.802	0.793	0.780	0.756	0.724	0.734	0.723	0.718
6:38:10	37.1	0.797	0.768	0.547	0.755	0.740	0.701	0.674	0.853	0.753	0.748	0.729	0.709	0.718	0.695	0.702	0.680	0.746	0.725	0.757	0.723	0.741	0.751	0.703	0.744	0.691	0.680	0.736	0.681	0.774	0.747	0.712	0.694	0.578	0.569	0.616	0.630	0.569	0.487	0.572	0.568	0.727	0.680	0.657	0.682	0.733	0.692	0.664	0.706	0.708	0.796	0.687	0.691	0.716	0.686	0.733	0.687	0.805	0.795	0.782	0.754	0.722	0.735	0.722	0.718
6:41:10	37.0	0.801	0.772	0.549	0.759	0.742	0.706	0.678	0.856	0.754	0.746	0.733	0.707	0.716	0.698	0.703	0.684	0.752	0.727	0.760	0.726	0.740	0.750	0.697	0.742	0.692	0.682	0.736	0.683	0.773	0.751	0.714	0.692	0.583	0.572	0.620	0.631	0.571	0.490	0.578	0.574	0.730	0.680	0.658	0.684	0.731	0.694	0.662	0.708	0.707	0.793	0.689	0.680	0.717	0.685	0.730	0.687	0.804	0.795	0.784	0.749	0.704	0.734	0.718	0.714
6:44:10	37.0	0.805	0.778	0.550	0.760	0.740	0.708	0.682	0.858	0.759	0.745	0.726	0.706	0.713	0.694	0.704	0.682	0.754	0.727	0.761	0.728	0.737	0.747	0.695	0.739	0.692	0.680	0.739	0.680	0.772	0.749	0.713	0.691	0.589	0.573	0.624	0.634	0.573	0.494	0.583	0.580	0.734	0.679	0.660	0.686	0.729	0.695	0.660	0.709	0.701	0.792	0.688	0.676	0.712	0.688	0.729	0.690	0.796	0.801	0.782	0.739	0.700	0.734	0.714	0.712
6:47:10	37.0	0.806	0.779	0.552	0.764	0.742	0.713	0.685	0.860	0.763	0.746	0.731	0.703	0.707	0.692	0.703	0.684	0.757	0.728	0.761	0.731	0.735	0.744	0.688	0.739	0.693	0.683	0.739	0.680	0.772	0.752	0.714	0.688	0.594	0.576	0.630	0.638	0.575	0.497	0.589	0.586	0.737	0.678	0.661	0.687	0.729	0.695	0.658	0.710	0.671	0.792	0.690	0.672	0.709	0.687	0.730	0.692	0.792	0.801	0.778	0.732	0.699	0.734	0.714	0.711
6:50:10	37.0	0.811	0.786	0.554	0.767	0.743	0.717	0.690	0.866	0.767	0.748	0.733	0.700	0.702	0.689	0.701	0.684	0.757	0.728	0.758	0.730	0.732	0.744	0.672	0.738	0.693	0.684	0.741	0.683	0.767	0.750	0.714	0.686	0.598	0.578	0.634	0.639	0.576	0.500	0.595	0.593	0.740	0.677	0.662	0.689	0.731	0.697	0.657	0.711	0.664	0.790	0.690	0.661	0.700	0.687	0.728	0.692	0.791	0.801	0.779	0.733	0.692	0.734	0.709	0.712
6:53:10	37.1	0.815	0.788	0.552	0.769	0.739	0.719	0.693	0.869	0.765	0.750	0.733	0.700	0.706	0.692	0.698	0.685	0.759	0.728	0.759	0.728	0.727	0.737	0.662	0.735	0.693	0.685	0.740	0.682	0.762	0.751	0.714	0.685	0.603	0.580	0.638	0.644	0.579	0.501	0.600	0.599	0.744	0.675	0.663	0.689	0.730	0.698	0.656	0.711	0.679	0.788	0.693	0.657	0.696	0.687	0.728	0.691	0.790	0.805	0.775	0.730	0.688	0.734	0.717	0.713
6:56:10	37.1	0.819	0.793	0.555	0.773	0.742	0.724	0.694	0.870	0.769	0.754	0.736	0.696	0.705	0.690	0.698	0.685	0.760	0.728	0.762	0.726	0.723	0.736	0.654	0.731	0.693	0.686	0.740	0.685	0.762	0.748	0.713	0.683	0.608	0.581	0.644	0.647	0.581	0.504	0.607	0.603	0.745	0.675	0.663	0.690	0.722	0.697	0.655	0.711	0.707	0.788	0.691	0.657	0.693	0.689	0.726	0.693	0.786	0.807	0.781	0.725	0.693	0.733	0.716	0.713
6:59:10	37.0	0.820	0.795	0.555	0.776	0.741	0.726	0.698	0.871	0.764	0.757	0.738	0.695	0.703	0.687	0.699	0.684	0.761	0.729	0.761	0.723	0.720	0.735	0.645	0.724	0.693	0.687	0.741	0.686	0.756	0.750	0.714	0.682	0.611	0.583	0.649	0.651	0.584	0.507	0.610	0.606	0.744	0.676	0.663	0.690	0.714	0.701	0.655	0.712	0.725	0.784	0.693	0.651	0.689	0.689	0.721	0.694	0.786	0.803	0.781	0.725	0.682	0.734	0.714	0.712
7:02:10	37.0	0.824	0.800	0.556	0.778	0.741	0.730	0.702	0.875	0.764	0.757	0.739	0.694	0.700	0.687	0.699	0.686	0.760	0.728	0.762	0.724	0.716	0.728	0.636	0.717	0.693	0.686	0.739	0.686	0.752	0.747	0.713	0.681	0.617	0.583	0.654	0.655	0.586	0.510	0.616	0.616	0.746	0.676	0.663	0.690	0.714	0.699	0.656	0.712	0.734	0.777	0.692	0.650	0.683	0.689	0.717	0.694	0.785	0.802	0.775	0.721	0.681	0.735	0.717	0.713
7:05:10	37.0	0.830	0.805	0.560	0.781	0.744	0.732	0.703	0.874	0.769	0.758	0.739	0.690	0.699	0.688	0.701	0.686	0.762	0.728	0.760	0.722	0.711	0.722	0.624	0.717	0.694	0.687	0.740	0.687	0.755	0.746	0.713	0.682	0.624	0.585	0.661	0.661	0.589	0.515	0.622	0.618	0.748	0.678	0.664	0.691	0.715	0.698	0.656	0.713	0.735	0.776	0.694	0.645	0.681	0.689	0.714	0.694	0.776	0.802	0.774	0.720	0.681	0.737	0.712	0.712
7:08:10	37.0	0.831	0.806	0.558	0.785	0.743	0.735	0.710	0.877	0.771	0.758	0.739	0.690	0.696	0.685	0.699	0.684	0.760	0.728	0.753	0.715	0.705	0.717	0.622	0.706	0.693	0.686	0.735	0.686	0.750	0.744	0.713	0.681	0.626	0.588	0.666	0.665	0.592	0.517	0.627	0.630	0.747	0.678	0.664	0.693	0.717	0.700	0.657	0.713	0.736	0.770	0.693	0.641	0.668	0.690	0.710	0.695	0.769	0.803	0.772	0.717	0.679	0.737	0.715	0.710
7:11:10	37.0	0.832	0.808	0.560	0.786	0.744	0.738	0.713	0.879	0.768	0.758	0.741	0.689	0.694	0.684	0.700	0.684	0.761	0.727	0.754	0.715	0.701	0.713	0.625	0.697	0.694	0.688	0.734	0.687	0.747	0.742	0.713	0.681	0.631	0.590	0.672	0.668	0.594	0.520	0.630	0.629	0.746	0.677	0.664	0.693	0.711	0.699	0.657	0.713	0.743	0.766	0.693	0.642	0.663	0.689	0.707	0.695	0.768	0.803	0.767	0.710	0.680	0.738	0.712	0.713
7:14:10	37.1	0.837	0.813	0.562	0.789	0.743	0.740	0.716	0.879	0.768	0.762	0.741	0.688	0.685	0.683	0.696	0.683	0.758	0.726	0.752	0.707	0.700	0.705	0.627	0.681	0.693	0.686	0.730	0.686	0.745	0.741	0.712	0.682	0.638	0.592	0.676	0.675	0.597	0.522	0.634	0.632	0.745	0.682	0.664	0.694	0.704	0.700	0.659	0.713	0.742	0.758	0.691	0.638	0.660	0.690	0.700	0.695	0.763	0.797	0.766	0.706	0.680	0.738	0.711	0.713
7:17:10	37.1	0.840	0.817	0.560	0.792	0.739	0.742	0.717	0.880	0.761	0.765	0.743	0.693	0.677	0.684	0.698	0.687	0.756	0.723	0.747	0.701	0.698	0.702	0.630	0.665	0.692	0.686	0.727	0.685	0.742	0.736	0.711	0.682	0.640	0.594	0.682	0.678	0.599	0.524	0.638	0.633	0.738	0.686	0.664	0.695	0.704	0.702	0.661	0.713	0.750	0.751	0.691	0.633	0.652	0.686	0.692	0.694	0.765	0.794	0.759	0.704	0.681	0.738	0.713	0.712
7:20:10	37.0	0.845	0.820	0.563	0.796	0.742	0.745	0.723	0.883	0.763	0.762	0.742	0.691	0.681	0.683	0.695	0.686	0.749	0.723	0.743	0.699	0.694	0.699	0.633	0.656	0.692	0.687	0.725	0.686	0.743	0.735	0.711	0.684	0.644	0.597	0.687	0.683	0.598	0.530	0.643	0.636	0.739	0.685	0.665	0.695	0.705	0.703	0.664	0.713	0.744	0.744	0.692	0.628	0.656	0.690	0.684	0.694	0.759	0.791	0.754	0.701	0.673	0.740	0.713	0.712
7:23:10	37.0	0.844	0.821	0.563	0.797	0.741	0.748	0.723	0.883	0.759	0.760	0.742	0.691	0.677	0.680	0.692	0.689	0.744	0.721	0.738	0.695	0.692	0.697	0.635	0.652	0.692	0.687	0.720	0.686	0.741	0.734	0.711	0.687	0.647	0.601	0.691	0.689	0.601	0.531	0.648	0.641	0.737	0.685	0.665	0.695	0.695	0.703	0.667	0.713	0.746	0.739	0.691	0.625	0.651	0.691	0.677	0.695	0.758	0.792	0.746	0.700	0.674	0.740	0.712	0.712
7:26:10	37.1	0.847	0.827	0.565	0.801	0.742	0.752	0.727	0.886	0.756	0.765	0.743	0.693	0.674	0.676	0.686	0.691	0.742	0.719	0.735	0.692	0.691	0.691	0.636	0.650	0.691	0.687	0.720	0.686	0.739	0.733	0.710	0.688	0.652	0.604	0.696	0.694	0.605	0.533	0.651	0.646	0.734	0.687	0.665	0.696	0.683	0.704	0.671	0.713	0.748	0.731	0.691	0.626	0.637	0.692	0.675	0.695	0.754	0.788	0.742	0.696	0.675	0.741	0.713	0.715
7:29:10	37.0	0.848	0.829	0.566	0.803	0.742	0.755	0.731	0.890	0.753	0.764	0.742	0.692	0.672	0.676	0.685	0.690	0.737	0.719	0.732	0.687	0.686	0.684	0.637	0.645	0.690	0.687	0.717	0.685	0.737	0.731	0.710	0.689	0.657	0.606	0.701	0.698	0.607	0.536	0.653	0.650	0.731	0.689	0.664	0.695	0.678	0.704	0.673	0.712	0.745	0.722	0.692	0.620	0.625	0.692	0.672	0.695	0.754	0.781	0.743	0.689	0.670	0.741	0.710	0.715
7:32:10	37.0	0.849	0.832	0.568	0.805	0.746	0.758	0.735	0.893	0.739	0.759	0.741	0.694	0.668	0.676	0.684	0.692	0.733	0.720	0.728	0.680	0.678	0.674	0.637	0.645	0.690	0.688	0.714	0.686	0.735	0.731	0.710	0.689	0.660	0.608	0.706	0.702	0.608	0.539	0.656	0.654	0.731	0.690	0.665	0.695	0.672	0.705	0.677	0.712	0.750	0.711	0.691	0.615	0.621	0.692	0.673	0.695	0.754	0.777	0.735	0.688	0.669	0.742	0.709	0.715
7:35:10	37.1	0.852	0.836	0.566	0.807	0.743	0.762	0.740	0.895	0.736	0.758	0.741	0.695	0.659	0.672	0.682	0.691	0.727	0.720	0.725	0.676	0.667	0.667	0.637	0.644	0.690	0.688	0.709	0.685	0.730	0.732	0.709	0.691	0.664	0.611	0.711	0.707	0.611	0.540	0.660	0.658	0.726	0.690	0.664	0.695	0.666	0.705	0.680	0.711	0.752	0.706	0.689	0.612	0.615	0.690	0.669	0.694	0.749	0.776	0.732	0.687	0.665	0.742	0.709	0.715
7:38:10	37.0	0.855	0.840	0.568	0.809	0.743	0.764	0.741	0.896	0.732	0.758	0.739	0.695	0.650	0.664	0.676	0.692	0.725	0.720	0.719	0.672	0.659	0.662	0.638	0.648	0.689	0.689	0.706	0.685	0.726	0.729	0.709	0.692	0.669	0.614	0.716	0.710	0.614	0.544	0.663	0.662	0.724	0.693	0.663	0.695	0.657	0.706	0.684	0.710	0.753	0.705	0.690	0.611	0.610	0.690	0.660	0.694	0.751	0.771	0.729	0.684	0.666	0.742	0.709	0.714
7:41:10	37.0	0.853	0.840	0.569	0.811	0.745	0.767	0.746	0.905	0.731	0.757	0.735	0.694	0.646	0.659	0.660	0.693	0.723	0.719	0.715	0.665	0.652	0.658	0.637	0.651	0.689	0.690	0.701	0.686	0.723	0.726	0.709	0.694	0.673	0.617	0.720	0.713	0.614	0.546	0.666	0.666	0.726	0.696	0.663	0.695	0.654	0.707	0.688	0.710	0.755	0.699	0.691	0.603	0.612	0.690	0.655	0.695	0.747	0.764	0.729	0.682	0.663	0.742	0.706	0.715
7:44:10	37.0	0.859	0.843	0.569	0.814	0.743	0.770	0.752	0.909	0.730	0.753	0.737	0.696	0.640	0.661	0.644	0.694	0.717	0.716	0.709	0.656	0.643	0.658	0.638	0.653	0.688	0.689	0.694	0.686	0.721	0.725	0.709	0.696	0.678	0.619	0.725	0.718	0.617	0.548	0.670	0.670	0.723	0.699	0.662	0.696	0.657	0.707	0.692	0.710	0.760	0.696	0.692	0.597	0.616	0.690	0.645	0.693	0.745	0.759	0.724	0.679	0.659	0.741	0.706	0.714
7:47:10	37.0	0.860	0.844	0.570	0.816	0.743	0.773	0.753	0.911	0.721	0.756	0.740	0.695	0.635	0.661	0.635	0.693	0.714	0.716	0.706	0.649	0.636	0.660	0.639	0.655	0.689	0.689	0.691	0.686	0.718	0.725	0.708	0.699	0.682	0.621	0.731	0.723	0.619	0.552	0.677	0.675	0.719	0.703	0.661	0.696	0.659	0.707	0.697	0.710	0.766	0.696	0.690	0.597	0.618	0.689	0.627	0.694	0.746	0.753	0.725	0.679	0.656	0.740	0.705	0.716
7:50:10	37.1	0.865	0.847	0.567	0.817	0.742	0.775	0.754	0.914	0.713	0.754	0.742	0.696	0.637	0.658	0.634	0.694	0.706	0.713	0.700	0.640	0.627	0.661	0.639	0.656	0.689	0.687	0.688	0.686	0.716	0.718	0.708	0.701	0.688	0.623	0.736	0.729	0.622	0.553	0.678	0.681	0.714	0.706	0.660	0.697	0.663	0.708	0.702	0.710	0.773	0.682	0.692	0.597	0.618	0.687	0.618	0.694	0.741	0.753	0.726	0.679	0.656	0.740	0.705	0.714
7:53:10	37.1	0.868	0.850	0.570	0.820	0.743	0.778	0.757	0.913	0.710	0.753	0.743	0.698	0.639	0.657	0.637	0.694	0.702	0.712	0.700	0.630	0.623	0.663	0.639	0.656	0.689	0.689	0.687	0.686	0.713	0.717	0.708	0.702	0.693	0.625	0.741	0.731	0.621	0.556	0.685	0.684	0.713	0.709	0.660	0.697	0.664	0.708	0.706	0.710	0.777	0.673	0.691	0.598	0.618	0.688	0.614	0.693	0.738	0.749	0.722	0.678	0.653	0.739	0.705	0.716
7:56:10	37.1	0.865	0.849	0.572	0.823	0.746	0.779	0.757	0.916	0.706	0.750	0.741	0.701	0.641	0.655	0.643	0.694	0.698	0.711	0.696	0.618	0.624	0.662	0.639	0.656	0.689	0.690	0.685	0.686	0.710	0.719	0.708	0.704	0.696	0.628	0.745	0.735	0.624	0.557	0.690	0.699	0.711	0.712	0.659	0.697	0.665	0.708	0.710	0.710	0.779	0.670	0.689	0.598	0.620	0.688	0.611	0.693	0.740	0.745	0.717	0.677	0.649	0.738	0.703	0.716
7:59:10	37.0	0.870	0.853	0.573	0.824	0.746	0.781	0.759	0.917	0.703	0.748	0.739	0.702	0.643	0.650	0.639	0.694	0.695	0.710	0.693	0.609	0.625	0.663	0.638	0.657	0.688	0.692	0.686	0.687	0.710	0.719	0.707	0.703	0.702	0.631	0.750	0.740	0.627	0.559	0.691	0.710	0.709	0.716	0.658	0.698	0.666	0.708	0.715	0.710	0.786	0.669	0.689	0.600	0.620	0.687	0.611	0.694	0.740	0.744	0.717	0.678	0.649	0.738	0.701	0.716
8:02:10	37.0	0.873	0.856	0.573	0.828	0.743	0.781	0.760	0.919	0.703	0.745	0.744	0.706	0.645	0.638	0.631	0.695	0.690	0.707	0.687	0.603	0.623	0.665	0.641	0.658	0.688	0.691	0.683	0.686	0.702	0.718	0.706	0.705	0.707	0.632	0.755	0.743	0.630	0.560	0.698	0.717	0.706	0.717	0.656	0.696	0.667	0.708	0.718	0.708	0.786	0.666	0.692	0.603	0.620	0.688	0.614	0.692	0.742	0.745	0.716	0.678	0.647	0.737	0.699	0.716
8:05:10	37.0	0.874	0.859	0.571	0.829	0.743	0.782	0.761	0.917	0.703	0.741	0.744	0.707	0.645	0.628	0.627	0.695	0.682	0.706	0.679	0.604	0.623	0.664	0.640	0.659	0.689	0.691	0.678	0.686	0.694	0.716	0.706	0.706	0.710	0.634	0.759	0.747	0.631	0.561	0.695	0.718	0.700	0.720	0.656	0.697	0.667	0.709	0.723	0.708	0.788	0.664	0.691	0.604	0.619	0.686	0.617	0.692	0.737	0.739	0.717	0.678	0.645	0.736	0.699	0.717
8:08:10	37.0	0.874	0.859	0.575	0.831	0.746	0.785	0.765	0.922	0.698	0.738	0.744	0.707	0.646	0.622	0.628	0.696	0.677	0.706	0.674	0.603	0.627	0.664	0.641	0.659	0.689	0.691	0.678	0.687	0.687	0.713	0.705	0.707	0.714	0.637	0.762	0.752	0.634	0.563	0.703	0.721	0.696	0.722	0.655	0.696	0.668	0.709	0.727	0.707	0.795	0.664	0.690	0.606	0.620	0.686	0.617	0.694	0.735	0.740	0.714	0.679	0.644	0.736	0.700	0.716
8:11:10	37.0	0.877	0.863	0.575	0.830	0.746	0.787	0.767	0.922	0.696	0.734	0.744	0.707	0.647	0.620	0.630	0.694	0.668	0.706	0.665	0.606	0.630	0.664	0.641	0.659	0.688	0.692	0.676	0.687	0.684	0.712	0.705	0.708	0.719	0.639	0.767	0.756	0.636	0.565	0.708	0.722	0.694	0.728	0.654	0.696	0.667	0.709	0.731	0.705	0.795	0.665	0.688	0.608	0.621	0.688	0.619	0.692	0.734	0.738	0.712	0.679	0.644	0.735	0.698	0.718
8:14:10	37.1	0.879	0.866	0.575	0.829	0.744	0.788	0.769	0.924	0.696	0.731	0.745	0.709	0.648	0.620	0.630	0.695	0.658	0.704	0.660	0.611	0.631	0.666	0.641	0.660	0.687	0.692	0.672	0.687	0.680	0.711	0.704	0.711	0.725	0.640	0.772	0.762	0.638	0.567	0.706	0.727	0.690	0.728	0.654	0.695	0.667	0.709	0.736	0.705	0.794	0.666	0.690	0.610	0.621	0.687	0.618	0.692	0.731	0.738	0.712	0.680	0.644	0.734	0.697	0.716
8:17:10	37.0	0.880	0.868	0.576	0.832	0.743	0.791	0.772	0.926	0.692	0.726	0.747	0.708	0.648	0.624	0.630	0.695	0.647	0.704	0.653	0.616	0.633	0.667	0.642	0.661	0.687	0.691	0.667	0.686	0.679	0.707	0.703	0.711	0.730	0.642	0.775	0.764	0.639	0.568	0.705	0.726	0.690	0.730	0.652	0.694	0.669	0.709	0.740	0.704	0.789	0.669	0.689	0.612	0.621	0.686	0.618	0.693	0.729	0.738	0.713	0.682	0.644	0.734	0.697	0.718
8:20:10	37.0	0.880	0.870	0.578	0.836	0.745	0.796	0.776	0.927	0.687	0.725	0.745	0.708	0.648	0.628	0.632	0.696	0.641	0.704	0.645	0.619	0.634	0.667	0.643	0.661	0.687	0.692	0.664	0.687	0.679	0.707	0.703	0.712	0.736	0.644	0.781	0.768	0.639	0.571	0.708	0.728	0.686	0.733	0.652	0.694	0.669	0.709	0.744	0.704	0.785	0.671	0.690	0.613	0.621	0.686	0.618	0.693	0.727	0.734	0.711	0.683	0.643	0.735	0.698	0.720
8:23:10	37.0	0.884	0.872	0.577	0.838	0.744	0.796	0.778	0.928	0.690	0.717	0.744	0.711	0.649	0.632	0.632	0.696	0.636	0.702	0.639	0.621	0.633	0.667	0.643	0.661	0.686	0.691	0.658	0.686	0.677	0.705	0.702	0.712	0.739	0.646	0.785	0.774	0.641	0.572	0.713	0.724	0.682	0.734	0.651	0.693	0.671	0.709	0.747	0.703	0.775	0.672	0.690	0.613	0.621	0.685	0.619	0.693	0.722	0.735	0.708	0.685	0.648	0.735	0.698	0.719
8:26:10	37.0	0.886	0.876	0.578	0.842	0.743	0.801	0.781	0.931	0.688	0.716	0.745	0.710	0.649	0.634	0.632	0.695	0.634	0.703	0.640	0.622	0.634	0.666	0.643	0.661	0.684	0.690	0.654	0.686	0.674	0.702	0.700	0.715	0.744	0.648	0.789	0.776	0.644	0.573	0.718	0.730	0.681	0.736	0.651	0.692	0.670	0.708	0.751	0.702	0.769	0.672	0.688	0.614	0.622	0.686	0.620	0.692	0.720	0.732	0.705	0.685	0.647	0.734	0.696	0.720
8:29:10	37.1	0.887	0.877	0.581	0.844	0.747	0.801	0.783	0.932	0.679	0.712	0.742	0.709	0.649	0.633	0.634	0.695	0.632	0.704	0.641	0.623	0.633	0.668	0.644	0.663	0.684	0.690	0.653	0.686	0.673	0.700	0.701	0.714	0.747	0.649	0.793	0.779	0.644	0.576	0.723	0.733	0.676	0.741	0.651	0.692	0.670	0.709	0.754	0.702	0.761	0.674	0.688	0.615	0.623	0.686	0.620	0.692	0.718	0.730	0.701	0.687	0.649	0.734	0.696	0.721
8:32:10	37.0	0.888	0.880	0.579	0.845	0.743	0.803	0.785	0.932	0.667	0.709	0.742	0.709	0.650	0.632	0.634	0.695	0.633	0.703	0.644	0.624	0.634	0.668	0.644	0.663	0.682	0.690	0.649	0.685	0.673	0.696	0.700	0.718	0.753	0.651	0.798	0.783	0.647	0.576	0.728	0.732	0.670	0.743	0.650	0.691	0.672	0.708	0.757	0.701	0.751	0.674	0.690	0.615	0.624	0.684	0.620	0.692	0.717	0.731	0.696	0.687	0.648	0.733	0.696	0.722
8:35:10	37.0	0.886	0.881	0.582	0.849	0.745	0.804	0.788	0.935	0.657	0.701	0.741	0.708	0.650	0.632	0.634	0.694	0.634	0.704	0.646	0.624	0.635	0.669	0.645	0.663	0.681	0.689	0.650	0.685	0.670	0.694	0.700	0.717	0.757	0.653	0.801	0.788	0.649	0.578	0.733	0.742	0.669	0.746	0.649	0.691	0.672	0.708	0.759	0.700	0.737	0.675	0.690	0.617	0.624	0.684	0.620	0.692	0.718	0.729	0.691	0.688	0.649	0.732	0.695	0.722
8:38:10	37.1	0.891	0.886	0.582	0.851	0.744	0.807	0.789	0.935	0.652	0.701	0.739	0.710	0.651	0.633	0.635	0.693	0.634	0.705	0.651	0.625	0.635	0.668	0.644	0.662	0.678	0.688	0.648	0.684	0.667	0.691	0.700	0.715	0.760	0.654	0.805	0.792	0.650	0.580	0.738	0.739	0.666	0.748	0.648	0.690	0.672	0.707	0.763	0.699	0.730	0.675	0.689	0.617	0.624	0.684	0.621	0.692	0.717	0.724	0.684	0.687	0.648	0.732	0.697	0.722
8:41:10	37.0	0.892	0.888	0.583	0.853	0.745	0.807	0.792	0.937	0.648	0.700	0.738	0.706	0.651	0.632	0.635	0.692	0.635	0.706	0.653	0.625	0.635	0.669	0.646	0.663	0.679	0.688	0.648	0.684	0.665	0.688	0.700	0.715	0.763	0.655	0.809	0.795	0.651	0.580	0.739	0.742	0.663	0.748	0.647	0.690	0.673	0.707	0.765	0.698	0.725	0.675	0.689	0.617	0.625	0.684	0.621	0.693	0.716	0.722	0.682	0.685	0.651	0.731	0.698	0.723
8:44:10	37.1	0.891	0.891	0.583	0.854	0.744	0.809	0.794	0.939	0.654	0.698	0.737	0.708	0.652	0.633	0.635	0.692	0.638	0.707	0.657	0.627	0.635	0.669	0.645	0.663	0.680	0.687	0.646	0.683	0.665	0.684	0.699	0.715	0.768	0.655	0.812	0.800	0.654	0.581	0.741	0.745	0.661	0.751	0.646	0.688	0.673	0.706	0.767	0.697	0.714	0.675	0.689	0.617	0.625	0.682	0.621	0.692	0.714	0.720	0.681	0.687	0.652	0.730	0.696	0.724
8:47:10	37.1	0.886	0.889	0.585	0.857	0.745	0.810	0.798	0.942	0.655	0.695	0.736	0.708	0.653	0.634	0.636	0.690	0.642	0.708	0.658	0.627	0.635	0.670	0.647	0.665	0.680	0.686	0.641	0.682	0.666	0.681	0.698	0.715	0.772	0.657	0.815	0.802	0.655	0.583	0.744	0.749	0.656	0.754	0.645	0.687	0.674	0.705	0.770	0.696	0.711	0.675	0.688	0.618	0.626	0.681	0.621	0.691	0.710	0.713	0.678	0.691	0.654	0.729	0.695	0.723
8:50:10	37.1	0.893	0.892	0.585	0.859	0.745	0.813	0.799	0.941	0.653	0.695	0.733	0.709	0.654	0.634	0.637	0.691	0.645	0.709	0.659	0.627	0.636	0.671	0.647	0.664	0.680	0.686	0.636	0.681	0.669	0.679	0.697	0.717	0.776	0.657	0.819	0.807	0.656	0.585	0.747	0.751	0.650	0.754	0.644	0.686	0.675	0.705	0.775	0.695	0.707	0.676	0.689	0.619	0.626	0.681	0.621	0.692	0.709	0.709	0.674	0.691	0.655	0.728	0.697	0.725
8:53:10	37.0	0.894	0.893	0.587	0.861	0.746	0.813	0.803	0.941	0.651	0.694	0.732	0.708	0.653	0.634	0.636	0.690	0.648	0.711	0.660	0.628	0.637	0.671	0.648	0.665	0.679	0.685	0.633	0.681	0.669	0.676	0.696	0.717	0.780	0.658	0.822	0.808	0.657	0.587	0.749	0.755	0.645	0.758	0.643	0.684	0.676	0.704	0.779	0.694	0.705	0.677	0.689	0.621	0.626	0.680	0.621	0.692	0.708	0.706	0.675	0.691	0.655	0.727	0.697	0.725
8:56:10	37.0	0.892	0.893	0.588	0.862	0.746	0.816	0.803	0.942	0.649	0.691	0.730	0.707	0.654	0.636	0.637	0.689	0.650	0.713	0.661	0.628	0.637	0.672	0.649	0.665	0.679	0.684	0.629	0.680	0.669	0.672	0.695	0.716	0.783	0.660	0.824	0.810	0.657	0.586	0.752	0.756	0.644	0.758	0.641	0.683	0.676	0.704	0.782	0.692	0.702	0.677	0.688	0.621	0.626	0.679	0.621	0.691	0.708	0.703	0.675	0.692	0.657	0.726	0.697	0.725
8:59:10	37.0	0.894	0.897	0.586	0.863	0.746	0.816	0.805	0.944	0.649	0.689	0.729	0.708	0.656	0.636	0.638	0.687	0.651	0.715	0.661	0.629	0.638	0.672	0.649	0.665	0.678	0.684	0.624	0.678	0.672	0.668	0.695	0.717	0.785	0.661	0.829	0.811	0.658	0.587	0.753	0.758	0.645	0.758	0.640	0.681	0.677	0.703	0.786	0.691	0.698	0.677	0.689	0.621	0.626	0.678	0.620	0.692	0.709	0.701	0.674	0.694	0.656	0.725	0.696	0.726
9:02:10	37.1	0.895	0.897	0.590	0.866	0.748	0.818	0.805	0.943	0.647	0.687	0.726	0.705	0.655	0.636	0.637	0.686	0.651	0.717	0.662	0.629	0.638	0.673	0.649	0.666	0.679	0.683	0.619	0.678	0.672	0.666	0.694	0.716	0.789	0.662	0.831	0.813	0.661	0.588	0.756	0.761	0.648	0.763	0.639	0.680	0.677	0.702	0.788	0.690	0.698	0.677	0.688	0.621	0.628	0.677	0.621	0.691	0.709	0.701	0.675	0.691	0.656	0.724	0.696	0.727
9:05:10	37.0	0.895	0.897	0.590	0.866	0.747	0.820	0.810	0.946	0.649	0.686	0.724	0.707	0.656	0.637	0.638	0.685	0.652	0.719	0.663	0.630	0.638	0.673	0.650	0.667	0.678	0.682	0.615	0.677	0.675	0.666	0.693	0.715	0.794	0.662	0.835	0.817	0.662	0.590	0.757	0.764	0.651	0.765	0.638	0.679	0.679	0.701	0.791	0.688	0.696	0.678	0.689	0.623	0.629	0.678	0.621	0.691	0.705	0.702	0.677	0.694	0.659	0.723	0.696	0.727
9:08:10	37.0	0.896	0.898	0.591	0.869	0.748	0.820	0.812	0.947	0.653	0.680	0.722	0.704	0.658	0.638	0.639	0.684	0.653	0.721	0.664	0.630	0.639	0.674	0.651	0.667	0.677	0.683	0.609	0.677	0.678	0.664	0.693	0.717	0.797	0.662	0.838	0.817	0.662	0.591	0.760	0.766	0.654	0.768	0.637	0.678	0.678	0.700	0.793	0.687	0.694	0.678	0.689	0.624	0.628	0.676	0.620	0.691	0.705	0.702	0.678	0.695	0.661	0.722	0.697	0.729
9:11:10	37.1	0.893	0.901	0.592	0.872	0.749	0.823	0.814	0.948	0.654	0.676	0.721	0.706	0.658	0.639	0.640	0.683	0.653	0.723	0.665	0.631	0.640	0.674	0.651	0.668	0.676	0.682	0.605	0.675	0.679	0.662	0.692	0.721	0.800	0.663	0.842	0.820	0.664	0.592	0.765	0.768	0.656	0.774	0.636	0.676	0.680	0.699	0.796	0.685	0.692	0.679	0.690	0.624	0.629	0.675	0.621	0.692	0.706	0.701	0.680	0.693	0.660	0.720	0.697	0.728
9:14:10	37.0	0.903	0.902	0.594	0.872	0.749	0.824	0.813	0.946	0.656	0.671	0.719	0.707	0.658	0.639	0.640	0.681	0.653	0.726	0.665	0.632	0.641	0.674	0.652	0.669	0.675	0.681	0.603	0.675	0.682	0.660	0.691	0.717	0.803	0.662	0.844	0.823	0.665	0.593	0.765	0.770	0.656	0.777	0.634	0.675	0.680	0.698	0.800	0.684	0.689	0.679	0.689	0.626	0.629	0.675	0.622	0.691	0.706	0.704	0.681	0.692	0.659	0.719	0.697	0.729
9:17:10	37.0	0.898	0.903	0.595	0.874	0.749	0.826	0.814	0.948	0.661	0.665	0.717	0.704	0.659	0.640	0.640	0.679	0.653	0.728	0.665	0.632	0.641	0.674	0.653	0.669	0.674	0.681	0.603	0.673	0.682	0.658	0.690	0.716	0.805	0.663	0.847	0.826	0.665	0.594	0.767	0.771	0.658	0.778	0.633	0.674	0.681	0.697	0.803	0.682	0.691	0.680	0.689	0.626	0.630	0.673	0.622	0.691	0.706	0.707	0.685	0.691	0.660	0.718	0.698	0.731
9:20:10	37.0	0.897	0.903	0.594	0.877	0.749	0.829	0.819	0.950	0.664	0.657	0.716	0.703	0.661	0.641	0.641	0.679	0.654	0.730	0.666	0.632	0.642	0.675	0.653	0.669	0.673	0.680	0.603	0.673	0.686	0.655	0.689	0.714	0.807	0.663	0.850	0.836	0.667	0.595	0.769	0.773	0.658	0.775	0.632	0.672	0.681	0.696	0.806	0.681	0.688	0.681	0.690	0.627	0.631	0.672	0.620	0.691	0.706	0.708	0.686	0.694	0.662	0.717	0.701	0.730
9:23:10	37.0	0.903	0.907	0.595	0.876	0.749	0.830	0.820	0.950	0.667	0.655	0.714	0.701	0.662	0.642	0.642	0.676	0.655	0.733	0.666	0.633	0.641	0.675	0.655	0.670	0.672	0.680	0.604	0.672	0.688	0.652	0.688	0.715	0.810	0.663	0.852	0.839	0.668	0.597	0.770	0.774	0.658	0.776	0.631	0.671	0.683	0.695	0.810	0.680	0.682	0.682	0.689	0.628	0.631	0.671	0.623	0.691	0.705	0.710	0.689	0.696	0.663	0.716	0.701	0.732
9:26:10	37.0	0.899	0.902	0.594	0.881	0.748	0.833	0.821	0.951	0.667	0.659	0.715	0.701	0.662	0.642	0.642	0.674	0.655	0.734	0.667	0.634	0.644	0.676	0.655	0.670	0.672	0.678	0.605	0.670	0.690	0.650	0.685	0.716	0.813	0.663	0.854	0.842	0.669	0.597	0.775	0.777	0.659	0.775	0.629	0.669	0.683	0.692	0.814	0.678	0.682	0.683	0.691	0.629	0.632	0.670	0.621	0.692	0.706	0.712	0.691	0.698	0.664	0.714	0.700	0.733
9:29:10	37.0	0.900	0.905	0.596	0.882	0.748	0.835	0.824	0.951	0.668	0.660	0.713	0.698	0.663	0.644	0.643	0.674	0.655	0.736	0.668	0.635	0.644	0.676	0.656	0.671	0.671	0.678	0.606	0.670	0.693	0.649	0.685	0.712	0.815	0.663	0.856	0.843	0.670	0.598	0.778	0.779	0.660	0.773	0.628	0.668	0.684	0.691	0.816	0.676	0.680	0.683	0.690	0.630	0.632	0.669	0.621	0.692	0.704	0.713	0.693	0.701	0.664	0.713	0.702	0.734
9:32:10	37.1	0.900	0.907	0.597	0.883	0.749	0.836	0.822	0.951	0.670	0.661	0.711	0.696	0.663	0.643	0.643	0.672	0.655	0.738	0.668	0.636	0.645	0.676	0.657	0.671	0.669	0.677	0.609	0.669	0.694	0.647	0.684	0.712	0.816	0.664	0.858	0.844	0.672	0.599	0.780	0.781	0.660	0.768	0.627	0.667	0.685	0.690	0.819	0.675	0.678	0.683	0.689	0.630	0.632	0.668	0.622	0.694	0.705	0.714	0.695	0.699	0.664	0.711	0.702	0.734
9:35:10	37.0	0.906	0.909	0.598	0.883	0.751	0.839	0.828	0.954	0.671	0.664	0.709	0.696	0.666	0.645	0.643	0.671	0.656	0.740	0.669	0.636	0.643	0.677	0.657	0.672	0.668	0.677	0.610	0.668	0.696	0.647	0.684	0.714	0.821	0.664	0.860	0.851	0.673	0.602	0.777	0.783	0.661	0.763	0.626	0.667	0.687	0.689	0.822	0.674	0.677	0.684	0.690	0.631	0.633	0.666	0.623	0.692	0.706	0.715	0.696	0.697	0.664	0.711	0.702	0.735
9:38:10	37.0	0.904	0.907	0.599	0.888	0.750	0.841	0.829	0.954	0.673	0.667	0.708	0.696	0.667	0.646	0.645	0.671	0.656	0.742	0.669	0.637	0.646	0.678	0.658	0.673	0.667	0.675	0.612	0.666	0.698	0.649	0.682	0.712	0.823	0.665	0.862	0.850	0.673	0.601	0.780	0.785	0.662	0.760	0.625	0.664	0.687	0.687	0.827	0.672	0.674	0.684	0.690	0.632	0.635	0.666	0.623	0.693	0.707	0.716	0.698	0.698	0.666	0.709	0.702	0.735
9:41:10	37.0	0.908	0.909	0.598	0.888	0.749	0.842	0.829	0.954	0.674	0.670	0.708	0.695	0.668	0.646	0.646	0.670	0.657	0.744	0.670	0.637	0.645	0.677	0.658	0.672	0.666	0.675	0.615	0.666	0.699	0.650	0.681	0.710	0.827	0.667	0.866	0.857	0.674	0.603	0.782	0.786	0.663	0.754	0.623	0.664	0.688	0.686	0.833	0.671	0.673	0.684	0.690	0.632	0.635	0.664	0.624	0.694	0.706	0.717	0.700	0.699	0.667	0.708	0.701	0.737
9:44:10	37.1	0.906	0.907	0.601	0.890	0.752	0.844	0.832	0.955	0.676	0.672	0.706	0.696	0.669	0.648	0.646	0.669	0.658	0.746	0.672	0.639	0.647	0.679	0.660	0.674	0.666	0.675	0.618	0.666	0.701	0.653	0.680	0.711	0.828	0.669	0.867	0.860	0.674	0.604	0.784	0.790	0.664	0.747	0.622	0.663	0.689	0.684	0.838	0.670	0.672	0.686	0.689	0.633	0.636	0.663	0.624	0.694	0.706	0.719	0.701	0.704	0.667	0.708	0.704	0.737
9:47:10	37.1	0.909	0.906	0.600	0.894	0.752	0.846	0.833	0.957	0.676	0.673	0.704	0.698	0.669	0.647	0.647	0.668	0.658	0.747	0.671	0.638	0.648	0.679	0.661	0.674	0.665	0.673	0.621	0.665	0.701	0.657	0.679	0.709	0.829	0.669	0.869	0.865	0.675	0.604	0.785	0.792	0.664	0.738	0.621	0.661	0.689	0.683	0.843	0.668	0.669	0.686	0.690	0.634	0.636	0.662	0.624	0.693	0.706	0.720	0.700	0.706	0.667	0.707	0.704	0.739
9:50:10	37.0	0.910	0.907	0.603	0.892	0.752	0.845	0.835	0.959	0.677	0.674	0.704	0.697	0.670	0.649	0.648	0.667	0.659	0.750	0.672	0.640	0.648	0.679	0.662	0.675	0.664	0.674	0.621	0.665	0.702	0.658	0.678	0.707	0.830	0.672	0.869	0.869	0.676	0.607	0.785	0.796	0.666	0.731	0.620	0.661	0.691	0.682	0.849	0.667	0.670	0.686	0.689	0.636	0.637	0.661	0.626	0.693	0.705	0.719	0.701	0.702	0.665	0.706	0.704	0.739
9:53:10	37.0	0.913	0.908	0.602	0.898	0.753	0.847	0.839	0.960	0.679	0.676	0.703	0.692	0.672	0.649	0.649	0.665	0.660	0.751	0.674	0.641	0.648	0.681	0.662	0.674	0.663	0.672	0.625	0.664	0.703	0.662	0.677	0.707	0.831	0.674	0.873	0.873	0.678	0.606	0.788	0.797	0.666	0.726	0.619	0.659	0.692	0.680	0.852	0.666	0.669	0.687	0.691	0.635	0.637	0.659	0.626	0.694	0.705	0.721	0.700	0.703	0.666	0.705	0.705	0.742
9:56:10	37.0	0.913	0.912	0.602	0.897	0.751	0.849	0.837	0.959	0.678	0.676	0.702	0.689	0.672	0.650	0.648	0.663	0.661	0.753	0.674	0.641	0.649	0.681	0.662	0.675	0.661	0.671	0.626	0.662	0.703	0.664	0.676	0.705	0.833	0.675	0.874	0.874	0.679	0.607	0.791	0.798	0.667	0.722	0.617	0.658	0.692	0.679	0.855	0.665	0.668	0.687	0.689	0.637	0.637	0.658	0.627	0.693	0.705	0.721	0.700	0.706	0.665	0.704	0.707	0.742
9:59:10	37.0	0.912	0.908	0.602	0.899	0.752	0.847	0.841	0.959	0.681	0.677	0.701	0.690	0.673	0.650	0.649	0.661	0.661	0.754	0.674	0.642	0.650	0.682	0.662	0.675	0.660	0.670	0.629	0.661	0.705	0.668	0.674	0.703	0.836	0.677	0.875	0.878	0.680	0.608	0.793	0.801	0.667	0.719	0.616	0.657	0.691	0.677	0.855	0.663	0.668	0.687	0.692	0.637	0.637	0.656	0.628	0.693	0.706	0.722	0.700	0.706	0.665	0.703	0.706	0.744
10:02:10	37.0	0.913	0.909	0.605	0.901	0.754	0.851	0.843	0.962	0.681	0.677	0.698	0.695	0.672	0.651	0.650	0.660	0.661	0.756	0.675	0.642	0.650	0.681	0.664	0.676	0.660	0.669	0.629	0.662	0.705	0.669	0.673	0.702	0.838	0.679	0.878	0.881	0.680	0.609	0.794	0.804	0.668	0.717	0.615	0.656	0.693	0.677	0.856	0.664	0.669	0.688	0.690	0.638	0.638	0.655	0.627	0.693	0.706	0.721	0.698	0.703	0.663	0.702	0.707	0.744
10:05:10	37.0	0.917	0.913	0.604	0.902	0.752	0.849	0.845	0.963	0.683	0.679	0.697	0.701	0.676	0.652	0.650	0.659	0.662	0.758	0.676	0.644	0.650	0.682	0.664	0.676	0.658	0.668	0.630	0.660	0.705	0.671	0.671	0.702	0.840	0.680	0.882	0.883	0.682	0.609	0.793	0.805	0.669	0.716	0.613	0.655	0.694	0.676	0.857	0.662	0.669	0.689	0.689	0.639	0.638	0.653	0.628	0.693	0.707	0.721	0.698	0.700	0.664	0.702	0.709	0.745
10:08:10	37.0	0.916	0.915	0.603	0.901	0.751	0.849	0.848	0.965	0.684	0.680	0.696	0.703	0.676	0.651	0.650	0.657	0.662	0.759	0.676	0.644	0.650	0.682	0.664	0.676	0.658	0.667	0.632	0.659	0.705	0.672	0.670	0.703	0.843	0.681	0.884	0.886	0.681	0.611	0.796	0.807	0.669	0.716	0.611	0.654	0.695	0.674	0.859	0.662	0.667	0.689	0.689	0.639	0.639	0.652	0.630	0.693	0.707	0.722	0.697	0.701	0.665	0.702	0.708	0.746
10:11:10	37.0	0.915	0.911	0.608	0.901	0.754	0.856	0.847	0.966	0.684	0.681	0.694	0.707	0.677	0.653	0.652	0.656	0.664	0.762	0.679	0.646	0.652	0.684	0.666	0.680	0.657	0.666	0.634	0.659	0.707	0.674	0.669	0.702	0.844	0.682	0.887	0.888	0.683	0.612	0.795	0.811	0.671	0.715	0.610	0.653	0.696	0.673	0.862	0.662	0.669	0.691	0.690	0.641	0.640	0.651	0.628	0.692	0.707	0.722	0.698	0.705	0.666	0.701	0.711	0.749
10:14:10	37.0	0.917	0.910	0.609	0.903	0.757	0.853	0.847	0.966	0.686	0.680	0.691	0.703	0.676	0.653	0.651	0.656	0.664	0.763	0.679	0.646	0.652	0.684	0.668	0.680	0.656	0.665	0.636	0.658	0.707	0.676	0.668	0.699	0.846	0.684	0.889	0.889	0.684	0.615	0.795	0.812	0.672	0.717	0.609	0.653	0.697	0.672	0.865	0.662	0.669	0.691	0.689	0.642	0.641	0.649	0.628	0.692	0.706	0.723	0.701	0.703	0.667	0.700	0.712	0.750
10:17:10	37.1	0.919	0.914	0.607	0.905	0.754	0.852	0.851	0.966	0.686	0.682	0.692	0.709	0.678	0.654	0.653	0.653	0.664	0.763	0.679	0.646	0.654	0.685	0.666	0.678	0.655	0.664	0.638	0.656	0.709	0.678	0.666	0.698	0.848	0.684	0.892	0.896	0.684	0.613	0.799	0.809	0.671	0.717	0.606	0.651	0.698	0.670	0.870	0.660	0.667	0.691	0.689	0.642	0.640	0.648	0.631	0.692	0.707	0.724	0.700	0.702	0.666	0.699	0.712	0.752
10:20:10	37.0	0.921	0.916	0.608	0.904	0.753	0.856	0.852	0.967	0.687	0.683	0.689	0.709	0.679	0.655	0.653	0.652	0.665	0.765	0.680	0.647	0.653	0.685	0.668	0.680	0.654	0.663	0.640	0.656	0.710	0.679	0.665	0.697	0.851	0.684	0.896	0.896	0.686	0.614	0.799	0.812	0.672	0.716	0.605	0.651	0.698	0.669	0.872	0.660	0.668	0.691	0.689	0.643	0.642	0.646	0.632	0.691	0.707	0.724	0.699	0.703	0.666	0.698	0.713	0.754
10:23:10	37.0	0.920	0.914	0.610	0.906	0.754	0.855	0.850	0.967	0.688	0.684	0.688	0.715	0.680	0.655	0.653	0.651	0.667	0.767	0.681	0.649	0.655	0.686	0.669	0.681	0.653	0.662	0.641	0.655	0.710	0.679	0.664	0.697	0.854	0.685	0.898	0.897	0.686	0.615	0.802	0.814	0.674	0.713	0.603	0.651	0.699	0.667	0.875	0.660	0.669	0.692	0.689	0.644	0.642	0.646	0.631	0.691	0.708	0.725	0.699	0.704	0.666	0.697	0.714	0.755
10:26:10	37.1	0.926	0.921	0.610	0.908	0.754	0.857	0.854	0.969	0.690	0.685	0.686	0.720	0.681	0.656	0.654	0.649	0.666	0.769	0.681	0.649	0.655	0.687	0.669	0.681	0.653	0.661	0.643	0.655	0.710	0.680	0.663	0.695	0.856	0.685	0.903	0.900	0.687	0.616	0.806	0.817	0.674	0.712	0.602	0.650	0.700	0.666	0.879	0.660	0.668	0.693	0.689	0.645	0.642	0.643	0.631	0.691	0.708	0.726	0.699	0.702	0.664	0.696	0.715	0.757
10:29:10	37.0	0.924	0.920	0.611	0.906	0.755	0.857	0.858	0.970	0.691	0.686	0.684	0.720	0.682	0.656	0.653	0.649	0.667	0.770	0.681	0.649	0.655	0.688	0.670	0.682	0.652	0.660	0.643	0.654	0.710	0.682	0.662	0.694	0.859	0.686	0.906	0.899	0.688	0.618	0.805	0.821	0.675	0.711	0.600	0.650	0.700	0.665	0.883	0.660	0.668	0.693	0.689	0.645	0.643	0.642	0.633	0.691	0.709	0.726	0.699	0.701	0.665	0.696	0.716	0.758
10:32:10	37.0	0.926	0.922	0.611	0.911	0.754	0.861	0.857	0.972	0.692	0.686	0.684	0.720	0.683	0.658	0.655	0.647	0.668	0.771	0.682	0.651	0.656	0.689	0.670	0.682	0.651	0.658	0.645	0.653	0.711	0.683	0.661	0.695	0.861	0.687	0.908	0.901	0.690	0.618	0.808	0.821	0.676	0.710	0.598	0.649	0.702	0.663	0.886	0.660	0.668	0.694	0.689	0.646	0.644	0.640	0.634	0.691	0.709	0.727	0.699	0.704	0.666	0.695	0.717	0.762
10:35:10	37.0	0.927	0.923	0.613	0.911	0.756	0.862	0.861	0.973	0.693	0.689	0.683	0.716	0.684	0.659	0.657	0.647	0.669	0.772	0.683	0.652	0.657	0.690	0.671	0.683	0.651	0.658	0.647	0.653	0.712	0.684	0.661	0.692	0.863	0.688	0.910	0.903	0.690	0.619	0.811	0.825	0.678	0.706	0.597	0.650	0.701	0.662	0.890	0.659	0.668	0.695	0.689	0.648	0.644	0.640	0.635	0.690	0.710	0.727	0.700	0.706	0.667	0.695	0.718	0.764
10:38:10	37.0	0.929	0.922	0.613	0.913	0.756	0.860	0.860	0.973	0.694	0.689	0.682	0.716	0.683	0.658	0.657	0.645	0.669	0.773	0.683	0.652	0.658	0.690	0.672	0.684	0.649	0.657	0.648	0.652	0.712	0.684	0.659	0.691	0.866	0.688	0.912	0.904	0.689	0.619	0.812	0.824	0.678	0.703	0.595	0.648	0.704	0.660	0.894	0.658	0.668	0.695	0.688	0.649	0.645	0.638	0.635	0.690	0.710	0.729	0.700	0.705	0.665	0.694	0.719	0.767
10:41:10	37.0	0.928	0.924	0.613	0.913	0.756	0.865	0.863	0.975	0.695	0.690	0.682	0.720	0.685	0.659	0.658	0.644	0.671	0.774	0.684	0.653	0.658	0.691	0.672	0.684	0.649	0.656	0.648	0.651	0.712	0.687	0.657	0.692	0.869	0.689	0.915	0.907	0.691	0.619	0.815	0.827	0.679	0.694	0.593	0.648	0.704	0.659	0.894	0.658	0.669	0.696	0.688	0.649	0.645	0.638	0.636	0.689	0.710	0.729	0.700	0.708	0.667	0.693	0.720	0.769
10:44:10	37.1	0.928	0.922	0.615	0.915	0.756	0.864	0.865	0.976	0.696	0.691	0.681	0.725	0.685	0.659	0.659	0.642	0.672	0.775	0.685	0.654	0.660	0.692	0.674	0.685	0.648	0.655	0.649	0.651	0.713	0.688	0.657	0.691	0.871	0.689	0.918	0.908	0.691	0.620	0.817	0.830	0.680	0.684	0.591	0.647	0.705	0.657	0.892	0.657	0.669	0.697	0.689	0.650	0.646	0.636	0.638	0.690	0.710	0.729	0.700	0.707	0.667	0.692	0.722	0.770
10:47:10	37.1	0.930	0.924	0.616	0.915	0.757	0.865	0.866	0.977	0.698	0.691	0.680	0.727	0.686	0.660	0.659	0.641	0.672	0.776	0.686	0.654	0.659	0.692	0.675	0.686	0.647	0.655	0.651	0.651	0.714	0.688	0.656	0.692	0.874	0.689	0.920	0.909	0.691	0.621	0.817	0.829	0.681	0.673	0.590	0.647	0.706	0.655	0.890	0.657	0.670	0.697	0.688	0.651	0.646	0.634	0.638	0.690	0.711	0.730	0.701	0.707	0.666	0.692	0.722	0.773
10:50:10	37.0	0.932	0.925	0.615	0.914	0.755	0.866	0.867	0.976	0.699	0.693	0.681	0.722	0.687	0.660	0.660	0.639	0.672	0.777	0.687	0.655	0.661	0.693	0.675	0.685	0.646	0.653	0.652	0.650	0.714	0.690	0.655	0.690	0.874	0.689	0.922	0.910	0.692	0.621	0.819	0.831	0.682	0.659	0.588	0.647	0.706	0.654	0.886	0.656	0.670	0.698	0.687	0.652	0.648	0.634	0.639	0.689	0.711	0.732	0.701	0.709	0.668	0.691	0.725	0.775
10:53:10	37.0	0.934	0.929	0.617	0.916	0.757	0.866	0.871	0.979	0.699	0.693	0.680	0.712	0.688	0.662	0.661	0.639	0.673	0.778	0.687	0.656	0.661	0.694	0.676	0.686	0.646	0.652	0.653	0.650	0.715	0.691	0.654	0.687	0.877	0.689	0.925	0.912	0.692	0.623	0.822	0.834	0.683	0.648	0.587	0.647	0.706	0.652	0.878	0.656	0.669	0.699	0.686	0.654	0.648	0.633	0.640	0.689	0.712	0.731	0.701	0.710	0.668	0.691	0.727	0.777
10:56:10	37.1	0.933	0.926	0.617	0.915	0.757	0.868	0.871	0.980	0.701	0.693	0.678	0.706	0.688	0.662	0.662	0.638	0.673	0.778	0.687	0.655	0.661	0.694	0.676	0.686	0.646	0.652	0.655	0.650	0.715	0.691	0.654	0.685	0.879	0.689	0.926	0.915	0.692	0.624	0.825	0.836	0.684	0.640	0.586	0.647	0.707	0.652	0.870	0.657	0.669	0.699	0.687	0.654	0.648	0.631	0.640	0.689	0.712	0.732	0.701	0.710	0.668	0.690	0.727	0.778
10:59:10	37.0	0.938	0.930	0.617	0.918	0.757	0.869	0.873	0.981	0.702	0.694	0.678	0.701	0.689	0.663	0.663	0.637	0.674	0.780	0.687	0.656	0.661	0.694	0.677	0.688	0.645	0.652	0.654	0.649	0.715	0.692	0.653	0.683	0.883	0.689	0.929	0.919	0.692	0.624	0.827	0.838	0.685	0.635	0.585	0.646	0.708	0.651	0.870	0.657	0.670	0.699	0.686	0.655	0.648	0.631	0.642	0.689	0.712	0.733	0.701	0.709	0.668	0.689	0.728	0.780
11:02:10	37.0	0.941	0.933	0.617	0.918	0.756	0.868	0.873	0.982	0.702	0.697	0.680	0.703	0.690	0.664	0.664	0.634	0.675	0.781	0.687	0.657	0.661	0.694	0.677	0.687	0.644	0.650	0.654	0.647	0.716	0.693	0.652	0.680	0.884	0.689	0.931	0.921	0.694	0.623	0.831	0.841	0.686	0.633	0.583	0.645	0.708	0.649	0.880	0.656	0.671	0.700	0.686	0.655	0.650	0.628	0.642	0.689	0.713	0.733	0.700	0.709	0.669	0.689	0.729	0.782
11:05:10	37.1	0.936	0.929	0.620	0.923	0.758	0.873	0.877	0.984	0.705	0.697	0.678	0.704	0.692	0.664	0.666	0.634	0.676	0.781	0.689	0.659	0.664	0.697	0.679	0.689	0.644	0.650	0.656	0.648	0.718	0.695	0.652	0.678	0.887	0.689	0.932	0.921	0.693	0.625	0.830	0.843	0.688	0.631	0.582	0.644	0.709	0.648	0.887	0.656	0.671	0.701	0.686	0.658	0.651	0.628	0.643	0.689	0.715	0.731	0.701	0.710	0.669	0.689	0.732	0.787
11:08:10	37.0	0.941	0.933	0.621	0.922	0.760	0.872	0.877	0.986	0.706	0.699	0.678	0.709	0.693	0.664	0.667	0.633	0.676	0.783	0.690	0.659	0.664	0.698	0.680	0.691	0.643	0.649	0.656	0.647	0.718	0.696	0.651	0.676	0.886	0.689	0.932	0.921	0.693	0.625	0.832	0.846	0.690	0.628	0.581	0.644	0.709	0.646	0.893	0.656	0.671	0.703	0.685	0.658	0.651	0.626	0.642	0.689	0.713	0.733	0.702	0.711	0.670	0.688	0.733	0.789
11:11:10	37.0	0.942	0.933	0.621	0.926	0.758	0.874	0.880	0.986	0.708	0.700	0.679	0.721	0.693	0.666	0.668	0.630	0.678	0.784	0.690	0.661	0.666	0.698	0.681	0.691	0.642	0.648	0.658	0.646	0.719	0.697	0.650	0.673	0.890	0.689	0.934	0.925	0.694	0.624	0.834	0.846	0.689	0.626	0.580	0.643	0.710	0.644	0.896	0.656	0.673	0.703	0.685	0.659	0.652	0.627	0.644	0.690	0.714	0.734	0.702	0.712	0.671	0.688	0.734	0.792
11:14:10	37.1	0.942	0.934	0.622	0.921	0.758	0.874	0.881	0.989	0.709	0.701	0.677	0.725	0.694	0.666	0.668	0.630	0.678	0.784	0.691	0.660	0.664	0.699	0.681	0.691	0.642	0.648	0.659	0.646	0.720	0.697	0.651	0.672	0.893	0.691	0.935	0.927	0.694	0.625	0.836	0.848	0.691	0.629	0.579	0.644	0.711	0.644	0.893	0.656	0.673	0.703	0.685	0.660	0.653	0.626	0.646	0.689	0.714	0.735	0.703	0.713	0.671	0.687	0.736	0.793
11:17:10	37.0	0.942	0.935	0.623	0.925	0.758	0.875	0.883	0.991	0.709	0.701	0.677	0.726	0.694	0.666	0.669	0.628	0.679	0.785	0.691	0.660	0.666	0.699	0.682	0.691	0.641	0.648	0.660	0.645	0.720	0.698	0.650	0.670	0.895	0.691	0.936	0.929	0.695	0.626	0.839	0.849	0.691	0.632	0.578	0.643	0.712	0.642	0.889	0.656	0.673	0.703	0.683	0.661	0.652	0.624	0.646	0.689	0.714	0.735	0.703	0.713	0.671	0.686	0.738	0.796
11:20:10	37.0	0.941	0.934	0.625	0.922	0.761	0.874	0.883	0.992	0.710	0.702	0.675	0.727	0.695	0.666	0.671	0.629	0.679	0.785	0.692	0.661	0.666	0.699	0.682	0.693	0.641	0.648	0.660	0.645	0.721	0.699	0.650	0.668	0.896	0.692	0.937	0.929	0.694	0.627	0.840	0.853	0.694	0.633	0.578	0.642	0.712	0.642	0.885	0.656	0.674	0.704	0.682	0.661	0.653	0.623	0.646	0.689	0.714	0.735	0.703	0.712	0.672	0.686	0.740	0.801
11:23:10	37.1	0.943	0.937	0.624	0.927	0.759	0.877	0.885	0.993	0.712	0.703	0.675	0.730	0.696	0.669	0.672	0.626	0.681	0.786	0.693	0.662	0.668	0.700	0.683	0.693	0.640	0.646	0.661	0.644	0.722	0.699	0.648	0.666	0.898	0.691	0.940	0.932	0.694	0.626	0.844	0.855	0.693	0.634	0.576	0.641	0.712	0.639	0.884	0.655	0.673	0.705	0.683	0.662	0.654	0.622	0.647	0.689	0.716	0.736	0.703	0.713	0.673	0.685	0.741	0.802
11:26:10	37.0	0.947	0.939	0.624	0.924	0.759	0.877	0.888	0.996	0.713	0.703	0.674	0.731	0.697	0.670	0.672	0.625	0.681	0.786	0.693	0.662	0.666	0.701	0.684	0.694	0.639	0.646	0.662	0.644	0.723	0.701	0.648	0.662	0.899	0.691	0.939	0.933	0.696	0.628	0.845	0.857	0.694	0.635	0.576	0.640	0.714	0.639	0.882	0.654	0.675	0.705	0.682	0.663	0.655	0.623	0.650	0.689	0.716	0.736	0.703	0.713	0.674	0.685	0.742	0.806
11:29:10	37.0	0.945	0.937	0.628	0.928	0.762	0.880	0.890	0.997	0.714	0.705	0.672	0.729	0.698	0.670	0.674	0.625	0.684	0.788	0.695	0.665	0.670	0.703	0.686	0.696	0.640	0.645	0.663	0.644	0.723	0.702	0.648	0.659	0.900	0.693	0.940	0.932	0.694	0.630	0.846	0.860	0.697	0.635	0.576	0.640	0.715	0.638	0.882	0.654	0.677	0.707	0.681	0.665	0.656	0.621	0.649	0.689	0.716	0.736	0.704	0.713	0.673	0.684	0.747	0.810
11:32:10	37.1	0.945	0.939	0.627	0.928	0.760	0.880	0.888	0.998	0.715	0.705	0.672	0.731	0.699	0.672	0.674	0.623	0.684	0.788	0.695	0.664	0.671	0.703	0.686	0.695	0.639	0.644	0.665	0.643	0.724	0.703	0.647	0.654	0.903	0.693	0.940	0.935	0.696	0.629	0.849	0.862	0.697	0.636	0.575	0.639	0.716	0.637	0.879	0.652	0.678	0.706	0.681	0.664	0.656	0.621	0.650	0.689	0.718	0.736	0.705	0.712	0.674	0.683	0.748	0.812
11:35:10	37.0	0.947	0.938	0.629	0.928	0.762	0.880	0.891	0.998	0.715	0.706	0.670	0.732	0.699	0.671	0.675	0.622	0.685	0.789	0.696	0.664	0.671	0.704	0.687	0.698	0.639	0.645	0.665	0.643	0.725	0.704	0.647	0.650	0.903	0.693	0.942	0.937	0.695	0.632	0.852	0.866	0.698	0.637	0.575	0.639	0.718	0.637	0.867	0.652	0.678	0.708	0.681	0.665	0.657	0.621	0.651	0.689	0.718	0.737	0.706	0.712	0.675	0.683	0.750	0.815
11:38:10	37.0	0.950	0.943	0.627	0.927	0.760	0.880	0.894	1.001	0.717	0.706	0.672	0.738	0.700	0.674	0.677	0.620	0.684	0.789	0.695	0.665	0.671	0.705	0.686	0.696	0.638	0.643	0.666	0.642	0.727	0.704	0.647	0.642	0.906	0.694	0.943	0.940	0.695	0.631	0.854	0.864	0.698	0.637	0.575	0.638	0.717	0.635	0.855	0.651	0.680	0.709	0.681	0.666	0.658	0.621	0.653	0.689	0.719	0.738	0.706	0.715	0.677	0.683	0.752	0.818
11:41:10	37.1	0.951	0.943	0.628	0.932	0.759	0.882	0.893	1.001	0.717	0.708	0.672	0.741	0.701	0.674	0.679	0.617	0.686	0.789	0.697	0.666	0.672	0.706	0.688	0.698	0.637	0.643	0.667	0.641	0.727	0.705	0.646	0.635	0.906	0.694	0.944	0.942	0.696	0.631	0.856	0.867	0.699	0.637	0.575	0.637	0.718	0.635	0.848	0.650	0.679	0.709	0.681	0.667	0.659	0.620	0.653	0.688	0.720	0.737	0.706	0.716	0.677	0.682	0.754	0.821
11:44:10	37.0	0.951	0.944	0.630	0.931	0.761	0.882	0.895	1.003	0.719	0.709	0.670	0.741	0.702	0.673	0.680	0.618	0.686	0.791	0.697	0.667	0.672	0.706	0.688	0.698	0.637	0.642	0.668	0.641	0.728	0.706	0.647	0.632	0.908	0.695	0.945	0.942	0.697	0.632	0.858	0.869	0.701	0.639	0.576	0.637	0.718	0.635	0.846	0.650	0.680	0.710	0.680	0.667	0.660	0.620	0.654	0.689	0.721	0.739	0.707	0.716	0.678	0.682	0.757	0.824
11:47:10	37.0	0.951	0.946	0.630	0.932	0.760	0.885	0.897	1.005	0.719	0.710	0.671	0.739	0.702	0.675	0.680	0.614	0.686	0.792	0.696	0.666	0.674	0.707	0.688	0.698	0.636	0.641	0.667	0.641	0.728	0.706	0.646	0.630	0.911	0.695	0.945	0.945	0.698	0.633	0.862	0.869	0.700	0.638	0.576	0.636	0.719	0.634	0.850	0.648	0.682	0.710	0.680	0.666	0.660	0.620	0.653	0.690	0.722	0.739	0.707	0.717	0.680	0.681	0.759	0.826
11:50:10	37.0	0.957	0.948	0.632	0.932	0.762	0.886	0.897	1.006	0.721	0.711	0.669	0.729	0.703	0.675	0.682	0.617	0.688	0.793	0.699	0.669	0.673	0.708	0.690	0.700	0.636	0.642	0.669	0.642	0.729	0.708	0.648	0.632	0.911	0.696	0.947	0.946	0.698	0.633	0.863	0.873	0.702	0.640	0.577	0.638	0.720	0.634	0.847	0.649	0.679	0.711	0.679	0.667	0.660	0.620	0.655	0.688	0.722	0.740	0.707	0.717	0.680	0.681	0.761	0.831
11:53:10	37.0	0.953	0.946	0.633	0.936	0.762	0.888	0.901	1.009	0.722	0.712	0.667	0.721	0.703	0.678	0.684	0.616	0.689	0.794	0.699	0.669	0.675	0.709	0.690	0.700	0.636	0.641	0.670	0.642	0.729	0.708	0.648	0.634	0.914	0.697	0.949	0.948	0.699	0.634	0.866	0.875	0.702	0.640	0.577	0.637	0.721	0.634	0.838	0.648	0.681	0.712	0.679	0.667	0.663	0.619	0.655	0.689	0.725	0.739	0.707	0.719	0.683	0.680	0.764	0.833
11:56:10	37.0	0.953	0.946	0.633	0.935	0.762	0.887	0.901	1.010	0.723	0.712	0.668	0.718	0.703	0.678	0.683	0.614	0.689	0.795	0.700	0.670	0.676	0.709	0.691	0.701	0.636	0.640	0.669	0.641	0.730	0.708	0.647	0.634	0.916	0.698	0.950	0.951	0.699	0.634	0.869	0.878	0.703	0.640	0.577	0.636	0.721	0.632	0.827	0.647	0.681	0.712	0.679	0.668	0.662	0.619	0.656	0.688	0.726	0.741	0.707	0.719	0.684	0.680	0.767	0.835
11:59:10	37.1	0.956	0.949	0.633	0.934	0.761	0.887	0.901	1.010	0.722	0.714	0.668	0.716	0.704	0.678	0.683	0.614	0.690	0.796	0.700	0.670	0.677	0.709	0.690	0.700	0.635	0.640	0.669	0.641	0.729	0.709	0.647	0.634	0.917	0.699	0.952	0.954	0.699	0.634	0.871	0.878	0.704	0.641	0.577	0.636	0.721	0.632	0.825	0.647	0.681	0.713	0.678	0.668	0.663	0.619	0.657	0.688	0.727	0.742	0.708	0.720	0.686	0.679	0.769	0.839
12:02:10	37.1	0.956	0.949	0.634	0.936	0.762	0.889	0.901	1.011	0.724	0.713	0.668	0.713	0.704	0.679	0.685	0.614	0.690	0.796	0.700	0.670	0.676	0.709	0.692	0.701	0.634	0.639	0.671	0.640	0.730	0.710	0.647	0.634	0.919	0.699	0.953	0.956	0.699	0.636	0.872	0.880	0.703	0.642	0.578	0.636	0.723	0.631	0.833	0.646	0.679	0.713	0.677	0.667	0.663	0.619	0.659	0.688	0.728	0.741	0.709	0.720	0.687	0.679	0.771	0.842

Results
	1	2	3	4	5	6	7	8	9	10	11	12
A			-20.533	-26.367	16.933	-21.133	18.233	-26.233	-34.133	36.200			Max V [600]
			1.000	1.000	1.000	1.000	1.000	1.000	1.000	1.000			R-Squared [600]
			3:18:40	3:06:40	1:48:40	3:00:40	1:18:40	2:54:40	3:03:40	3:45:40			t at Max V [600]
			3:29:52	3:19:13	1:35:27	3:16:05	1:09:21	3:03:09	3:10:46	3:38:49			Lagtime [600]
B			18.067	12.800	14.633	10.433	-12.767	19.133	11.933	13.600			Max V [600]
			1.000	1.000	1.000	1.000	1.000	1.000	1.000	1.000			R-Squared [600]
			4:03:40	3:57:40	3:00:40	2:39:40	3:30:40	3:00:40	2:45:40	2:42:40			t at Max V [600]
			3:40:36	3:31:08	2:47:23	2:26:52	3:59:51	2:44:06	2:17:48	2:19:06			Lagtime [600]
C			15.467	13.333	13.567	16.533	11.933	11.900	16.133	15.267			Max V [600]
			1.000	1.000	1.000	1.000	1.000	1.000	1.000	1.000			R-Squared [600]
			3:30:40	2:36:40	2:30:40	3:12:40	2:24:40	2:51:40	2:09:40	3:42:40			t at Max V [600]
			3:06:43	2:26:10	2:18:30	2:51:02	2:07:07	2:30:51	1:59:23	3:15:13			Lagtime [600]
D			17.000	12.800	14.633	13.667	11.200	12.467	17.600	11.333			Max V [600]
			1.000	1.000	1.000	1.000	1.000	1.000	1.000	1.000			R-Squared [600]
			2:57:40	2:24:40	2:18:40	2:36:40	2:45:40	3:00:40	2:12:40	3:48:40			t at Max V [600]
			2:42:02	2:09:16	2:04:14	2:18:54	2:23:46	2:32:21	2:03:42	3:12:15			Lagtime [600]
E			-36.233	-23.567	-35.833	-19.800	-23.167	-18.633	-18.067	-24.433			Max V [600]
			1.000	1.000	1.000	1.000	1.000	1.000	1.000	1.000			R-Squared [600]
			5:09:40	5:09:40	4:54:40	4:51:40	4:15:40	4:06:40	3:39:40	3:12:40			t at Max V [600]
			5:18:17	5:26:13	5:06:24	5:11:04	4:29:44	4:21:17	3:55:13	3:33:31			Lagtime [600]
F			22.433	12.867	14.233	14.467	15.767	12.433	15.600	12.867			Max V [600]
			1.000	1.000	1.000	1.000	1.000	1.000	1.000	1.000			R-Squared [600]
			2:45:40	2:42:40	2:06:40	1:57:40	2:03:40	2:00:40	1:54:40	2:54:40			t at Max V [600]
			2:35:28	2:20:32	1:51:36	1:45:04	1:52:18	1:49:03	1:45:47	2:30:37			Lagtime [600]
G			11.800	14.600	24.700	22.200	14.533	12.300	13.833	15.900			Max V [600]
			1.000	1.000	1.000	1.000	1.000	1.000	1.000	1.000			R-Squared [600]
			4:36:40	3:30:40	3:18:40	2:21:40	2:24:40	2:33:40	2:00:40	3:15:40			t at Max V [600]
			4:21:21	3:07:28	3:07:17	2:12:59	2:13:14	2:19:18	1:56:56	2:57:12			Lagtime [600]
H			14.300	17.300	22.133	14.433	14.967	11.100	17.933	16.233			Max V [600]
			1.000	1.000	1.000	1.000	1.000	1.000	1.000	1.000			R-Squared [600]
			5:06:40	3:30:40	3:39:40	3:27:40	3:36:40	2:36:40	2:36:40	3:54:40			t at Max V [600]
			4:30:15	3:12:30	3:21:18	3:00:31	3:07:24	2:19:30	2:26:07	3:28:33			Lagtime [600]

