3 4 2
6 6 3
11 6 1
14 6 1
8 9 1
356 15 1
17 18 1
19 20 3
20 20 2
21 20 3
22 20 3
23 20 1
1 24 2
17 24 1
18 24 1
49 24 2
73 24 1
76 24 2
85 24 2
117 24 2
144 24 1
152 24 2
153 24 2
165 24 2
172 24 2
177 24 2
202 24 2
217 24 2
242 24 2
285 24 2
351 24 2
357 24 2
25 30 2
26 30 2
27 30 2
28 30 2
29 30 2
30 30 2
58 30 2
39 40 2
42 43 1
43 43 2
47 46 1
48 46 1
49 49 2
50 49 2
51 53 2
52 53 2
54 55 1
57 56 1
129 56 1
364 59 1
368 59 1
64 64 1
65 64 1
93 64 1
103 64 1
196 64 1
264 64 2
340 64 1
355 64 1
381 64 2
406 64 1
5 66 1
13 66 1
16 66 1
19 66 1
20 66 1
21 66 1
22 66 1
23 66 1
56 66 1
57 66 1
60 66 1
63 66 1
66 66 3
72 66 2
83 66 1
85 66 2
86 66 2
87 66 3
95 66 1
96 66 1
112 66 1
118 66 2
129 66 1
136 66 1
144 66 1
150 66 1
151 66 1
154 66 1
155 66 3
157 66 1
166 66 1
167 66 1
169 66 1
172 66 1
173 66 1
174 66 1
176 66 1
177 66 1
180 66 1
182 66 1
209 66 1
216 66 1
232 66 1
233 66 2
234 66 1
236 66 1
237 66 1
238 66 3
240 66 1
245 66 1
246 66 1
255 66 1
270 66 1
271 66 1
287 66 3
289 66 2
308 66 3
312 66 3
318 66 3
336 66 3
338 66 1
345 66 3
351 66 1
361 66 2
362 66 1
369 66 1
373 66 1
382 66 3
387 66 1
388 66 1
390 66 1
414 66 3
416 66 1
67 68 1
68 68 1
186 69 1
193 69 1
74 74 2
75 74 1
77 77 2
78 77 1
79 77 1
80 77 1
81 77 1
368 77 1
87 82 2
286 82 2
287 82 2
308 82 2
345 82 2
382 82 3
388 82 2
87 88 2
287 88 2
382 88 2
283 90 1
345 90 2
94 94 2
95 94 1
96 97 2
109 109 2
290 111 1
291 111 1
290 113 1
114 114 2
115 114 2
400 114 2
401 114 2
116 119 1
117 119 2
118 119 2
203 119 2
395 119 2
122 123 1
123 123 1
120 127 1
197 127 1
200 127 1
131 136 1
132 136 1
135 136 1
137 136 1
140 136 1
141 136 1
142 136 1
132 137 1
133 137 1
134 137 1
135 137 1
137 137 1
138 137 1
139 137 1
140 137 1
141 137 1
142 137 1
264 137 1
367 137 1
381 137 1
5 143 1
16 143 1
24 143 1
44 143 1
56 143 1
73 143 2
76 143 2
86 143 1
89 143 1
121 143 1
143 143 2
144 143 1
146 143 1
172 143 1
200 143 1
202 143 2
272 143 1
273 143 1
276 143 2
280 143 1
285 143 2
351 143 2
369 143 1
1 148 2
7 148 2
147 148 2
202 148 1
309 148 1
318 148 3
326 148 2
150 151 1
151 151 1
60 154 2
110 154 2
123 154 2
124 154 2
125 154 2
126 154 2
128 154 2
154 154 2
357 154 2
374 154 2
155 156 2
157 156 2
157 157 2
255 157 2
159 158 2
160 160 2
162 160 3
162 161 2
165 164 1
169 169 3
171 169 3
267 169 1
172 175 2
173 175 2
174 175 2
176 175 2
108 181 2
180 181 2
182 181 2
187 188 1
188 188 2
1 190 1
57 190 2
58 190 3
92 190 1
107 190 1
144 190 1
165 190 1
171 190 3
190 190 2
191 190 2
197 190 1
200 190 1
272 190 1
273 190 1
285 190 2
290 190 2
291 190 3
292 190 2
295 190 2
314 190 1
357 190 2
369 190 1
192 192 1
56 193 2
136 193 1
137 193 1
193 193 2
278 193 1
294 193 1
332 193 1
365 193 2
197 197 2
422 198 1
1 203 2
5 203 2
204 204 1
205 207 1
207 207 2
212 213 1
216 215 2
218 219 1
222 222 2
307 222 2
333 222 2
334 222 2
347 222 2
363 222 2
366 222 2
393 222 2
396 222 2
397 222 2
398 222 2
399 222 2
162 227 1
178 227 1
206 227 1
211 227 3
223 227 2
224 227 2
227 227 2
231 227 2
290 227 2
291 227 1
293 227 2
294 227 1
350 227 2
352 227 1
365 227 1
228 229 1
229 229 2
369 229 1
233 233 2
238 233 2
232 237 1
234 237 1
235 237 1
236 237 1
239 237 1
145 241 1
153 241 1
241 241 2
277 241 1
357 241 1
423 241 1
245 246 1
246 246 2
247 251 2
248 251 2
249 251 2
251 251 2
252 251 2
179 252 1
247 252 1
250 252 1
252 252 2
256 257 1
237 258 2
240 258 2
317 258 2
318 258 2
259 259 1
260 261 2
265 265 2
163 267 2
267 267 2
325 267 1
268 269 2
306 269 2
168 270 3
240 270 2
270 270 2
271 270 2
7 274 2
56 274 2
86 274 2
89 274 2
121 274 1
144 274 2
146 274 2
272 274 1
273 274 1
280 274 1
284 274 1
285 274 1
375 274 2
278 279 1
5 282 1
7 282 1
13 282 1
14 282 1
18 282 1
64 282 1
92 282 1
149 282 1
210 282 1
275 282 1
278 282 1
294 282 1
296 282 1
312 282 1
67 292 1
68 292 1
118 292 2
136 292 2
290 292 1
291 292 3
10 298 1
92 298 1
183 298 1
210 298 1
298 298 2
299 299 2
302 304 1
303 304 1
304 304 1
305 304 1
316 304 1
314 315 1
62 324 2
71 324 2
162 324 2
170 324 2
179 324 2
185 324 2
313 324 2
319 324 2
320 324 2
321 324 2
322 324 2
323 324 2
324 324 2
327 324 2
328 324 2
360 324 2
411 324 2
325 325 2
329 330 2
149 331 1
331 331 1
403 331 1
336 337 1
337 337 1
338 337 1
41 339 1
153 339 1
155 339 2
208 339 1
241 339 1
243 339 1
277 339 1
357 339 1
409 339 1
410 339 1
412 339 1
423 339 1
341 342 2
342 342 2
70 344 1
84 344 1
98 344 1
99 344 1
100 344 1
101 344 1
102 344 1
103 344 1
104 344 1
105 344 1
106 344 1
130 344 1
196 344 1
214 344 1
226 344 1
244 344 1
281 344 1
297 344 1
335 344 1
343 344 1
344 344 1
345 344 1
355 344 1
394 344 1
406 344 1
61 345 1
91 345 1
184 345 1
189 345 1
194 345 1
195 345 1
201 345 1
225 345 1
262 345 1
263 345 1
46 346 1
85 346 1
120 346 1
127 346 1
169 346 1
171 346 1
197 346 1
199 346 1
267 346 1
288 346 1
314 346 1
349 346 1
422 346 1
348 349 2
358 358 2
359 358 1
2 359 1
145 359 1
153 359 1
277 359 1
357 359 1
359 359 2
423 359 1
362 362 2
369 369 1
369 370 1
375 376 1
376 376 2
377 378 2
36 380 2
37 380 2
266 380 2
379 380 2
380 380 2
34 385 2
35 385 2
37 385 2
38 385 2
266 385 1
383 385 2
384 385 3
385 385 2
390 389 1
392 391 2
392 401 2
401 401 2
404 405 1
407 408 1
408 408 1
7 413 1
12 413 1
13 413 3
31 413 1
32 413 1
33 413 1
45 413 1
220 413 1
221 413 1
230 413 1
253 413 1
254 413 1
283 413 1
299 413 1
300 413 1
301 413 1
310 413 1
311 413 1
312 413 1
351 413 1
353 413 1
354 413 1
371 413 1
372 413 1
386 413 1
402 413 1
413 413 2
416 415 2
421 417 2
85 418 1
86 418 1
146 418 1
419 420 1
