3 4 1
11 6 1
14 6 1
8 9 1
356 15 1
17 18 1
19 20 1
21 20 1
22 20 1
23 20 1
1 24 1
17 24 1
18 24 1
49 24 1
73 24 1
76 24 1
85 24 1
117 24 1
144 24 1
152 24 1
153 24 1
165 24 1
172 24 1
177 24 1
202 24 1
217 24 1
242 24 1
285 24 1
351 24 1
357 24 1
25 30 1
26 30 1
27 30 1
28 30 1
29 30 1
58 30 1
39 40 1
42 43 1
47 46 1
48 46 1
50 49 1
51 53 1
52 53 1
54 55 1
57 56 1
129 56 1
364 59 1
368 59 1
65 64 1
93 64 1
103 64 1
196 64 1
264 64 1
340 64 1
355 64 1
381 64 1
406 64 1
5 66 1
13 66 1
16 66 1
19 66 1
20 66 1
21 66 1
22 66 1
23 66 1
56 66 1
57 66 1
60 66 1
63 66 1
72 66 1
83 66 1
85 66 1
86 66 1
87 66 1
95 66 1
96 66 1
112 66 1
118 66 1
129 66 1
136 66 1
144 66 1
150 66 1
151 66 1
154 66 1
155 66 1
157 66 1
166 66 1
167 66 1
169 66 1
172 66 1
173 66 1
174 66 1
176 66 1
177 66 1
180 66 1
182 66 1
209 66 1
216 66 1
232 66 1
233 66 1
234 66 1
236 66 1
237 66 1
238 66 1
240 66 1
245 66 1
246 66 1
255 66 1
270 66 1
271 66 1
287 66 1
289 66 1
308 66 1
312 66 1
318 66 1
336 66 1
338 66 1
345 66 1
351 66 1
361 66 1
362 66 1
369 66 1
373 66 1
382 66 1
387 66 1
388 66 1
390 66 1
414 66 1
416 66 1
67 68 1
186 69 1
193 69 1
75 74 1
78 77 1
79 77 1
80 77 1
81 77 1
368 77 1
87 82 1
286 82 1
287 82 1
308 82 1
345 82 1
382 82 1
388 82 1
87 88 1
287 88 1
382 88 1
283 90 1
345 90 1
95 94 1
96 97 1
290 111 1
291 111 1
290 113 1
115 114 1
400 114 1
401 114 1
116 119 1
117 119 1
118 119 1
203 119 1
395 119 1
122 123 1
120 127 1
197 127 1
200 127 1
131 136 1
132 136 1
135 136 1
137 136 1
140 136 1
141 136 1
142 136 1
132 137 1
133 137 1
134 137 1
135 137 1
138 137 1
139 137 1
140 137 1
141 137 1
142 137 1
264 137 1
367 137 1
381 137 1
5 143 1
16 143 1
24 143 1
44 143 1
56 143 1
73 143 1
76 143 1
86 143 1
89 143 1
121 143 1
144 143 1
146 143 1
172 143 1
200 143 1
202 143 1
272 143 1
273 143 1
276 143 1
280 143 1
285 143 1
351 143 1
369 143 1
1 148 1
7 148 1
147 148 1
202 148 1
309 148 1
318 148 1
326 148 1
150 151 1
60 154 1
110 154 1
123 154 1
124 154 1
125 154 1
126 154 1
128 154 1
357 154 1
374 154 1
155 156 1
157 156 1
255 157 1
159 158 1
162 160 1
162 161 1
165 164 1
171 169 1
267 169 1
172 175 1
173 175 1
174 175 1
176 175 1
108 181 1
180 181 1
182 181 1
187 188 1
1 190 1
57 190 1
58 190 1
92 190 1
107 190 1
144 190 1
165 190 1
171 190 1
191 190 1
197 190 1
200 190 1
272 190 1
273 190 1
285 190 1
290 190 1
291 190 1
292 190 1
295 190 1
314 190 1
357 190 1
369 190 1
56 193 1
136 193 1
137 193 1
278 193 1
294 193 1
332 193 1
365 193 1
422 198 1
1 203 1
5 203 1
205 207 1
212 213 1
216 215 1
218 219 1
307 222 1
333 222 1
334 222 1
347 222 1
363 222 1
366 222 1
393 222 1
396 222 1
397 222 1
398 222 1
399 222 1
162 227 1
178 227 1
206 227 1
211 227 1
223 227 1
224 227 1
231 227 1
290 227 1
291 227 1
293 227 1
294 227 1
350 227 1
352 227 1
365 227 1
228 229 1
369 229 1
238 233 1
232 237 1
234 237 1
235 237 1
236 237 1
239 237 1
145 241 1
153 241 1
277 241 1
357 241 1
423 241 1
245 246 1
247 251 1
248 251 1
249 251 1
252 251 1
179 252 1
247 252 1
250 252 1
256 257 1
237 258 1
240 258 1
317 258 1
318 258 1
260 261 1
163 267 1
325 267 1
268 269 1
306 269 1
168 270 1
240 270 1
271 270 1
7 274 1
56 274 1
86 274 1
89 274 1
121 274 1
144 274 1
146 274 1
272 274 1
273 274 1
280 274 1
284 274 1
285 274 1
375 274 1
278 279 1
5 282 1
7 282 1
13 282 1
14 282 1
18 282 1
64 282 1
92 282 1
149 282 1
210 282 1
275 282 1
278 282 1
294 282 1
296 282 1
312 282 1
67 292 1
68 292 1
118 292 1
136 292 1
290 292 1
291 292 1
10 298 1
92 298 1
183 298 1
210 298 1
302 304 1
303 304 1
305 304 1
316 304 1
314 315 1
62 324 1
71 324 1
162 324 1
170 324 1
179 324 1
185 324 1
313 324 1
319 324 1
320 324 1
321 324 1
322 324 1
323 324 1
327 324 1
328 324 1
360 324 1
411 324 1
329 330 1
149 331 1
403 331 1
336 337 1
338 337 1
41 339 1
153 339 1
155 339 1
208 339 1
241 339 1
243 339 1
277 339 1
357 339 1
409 339 1
410 339 1
412 339 1
423 339 1
341 342 1
70 344 1
84 344 1
98 344 1
99 344 1
100 344 1
101 344 1
102 344 1
103 344 1
104 344 1
105 344 1
106 344 1
130 344 1
196 344 1
214 344 1
226 344 1
244 344 1
281 344 1
297 344 1
335 344 1
343 344 1
345 344 1
355 344 1
394 344 1
406 344 1
61 345 1
91 345 1
184 345 1
189 345 1
194 345 1
195 345 1
201 345 1
225 345 1
262 345 1
263 345 1
46 346 1
85 346 1
120 346 1
127 346 1
169 346 1
171 346 1
197 346 1
199 346 1
267 346 1
288 346 1
314 346 1
349 346 1
422 346 1
348 349 1
359 358 1
2 359 1
145 359 1
153 359 1
277 359 1
357 359 1
423 359 1
369 370 1
375 376 1
377 378 1
36 380 1
37 380 1
266 380 1
379 380 1
34 385 1
35 385 1
37 385 1
38 385 1
266 385 1
383 385 1
384 385 1
390 389 1
392 391 1
392 401 1
404 405 1
407 408 1
7 413 1
12 413 1
13 413 1
31 413 1
32 413 1
33 413 1
45 413 1
220 413 1
221 413 1
230 413 1
253 413 1
254 413 1
283 413 1
299 413 1
300 413 1
301 413 1
310 413 1
311 413 1
312 413 1
351 413 1
353 413 1
354 413 1
371 413 1
372 413 1
386 413 1
402 413 1
416 415 1
421 417 1
85 418 1
86 418 1
146 418 1
419 420 1
